"y" "intercept" "treatment" "time" "treatXtime" "region"
13.9694283446192 1 0 1 0 36
3.93488974682116 1 0 0 0 36
31.9981905230069 1 1 1 1 19
8.07347094367471 1 1 0 0 19
30.9636746567516 1 1 1 1 45
11.0966295376301 1 1 0 0 45
42.8342804333417 1 1 1 1 37
11.3920616373631 1 1 0 0 37
28.8224874668511 1 1 1 1 19
7.34349581791169 1 1 0 0 19
33.7135912186856 1 1 1 1 43
9.71876906721759 1 1 0 0 43
18.1944799173157 1 0 1 0 37
5.47272798192244 1 0 0 0 37
10.6922180187909 1 0 1 0 19
5.35223320020965 1 0 0 0 19
42.8865133820599 1 1 1 1 37
10.3999117376748 1 1 0 0 37
32.9743451673344 1 1 1 1 43
8.54128745208139 1 1 0 0 43
36.5465606597304 1 1 1 1 41
11.0175004944776 1 1 0 0 41
40.731457077863 1 1 1 1 37
12.1503205306178 1 1 0 0 37
16.7437644868655 1 0 1 0 37
2.93085442829666 1 0 0 0 37
30.9786538860582 1 1 1 1 19
8.19065936360881 1 1 0 0 19
9.8687273979249 1 0 1 0 19
4.59831847344292 1 0 0 0 19
42.7855579695936 1 1 1 1 37
12.7638342994589 1 1 0 0 37
12.744194939963 1 0 1 0 19
4.0670246950033 1 0 0 0 19
16.7966366946084 1 0 1 0 41
5.62030247926457 1 0 0 0 41
18.4110613545444 1 0 1 0 37
5.22864260314524 1 0 0 0 37
11.0455995414442 1 0 1 0 19
2.2870891576387 1 0 0 0 19
16.645239465009 1 0 1 0 37
5.02215954948554 1 0 0 0 37
9.2031154368017 1 0 1 0 56
5.79734634422266 1 0 0 0 56
11.1264343497395 1 0 1 0 4
0.455873298662097 1 0 0 0 4
10.9085308919306 1 0 1 0 19
2.16520607731211 1 0 0 0 19
12.5813333386141 1 0 1 0 19
2.70725474287324 1 0 0 0 19
42.5406929618058 1 1 1 1 37
13.1407571840002 1 1 0 0 37
32.5724791268615 1 1 1 1 49
10.8748893090791 1 1 0 0 49
30.9754466904936 1 1 1 1 30
10.9604401832779 1 1 0 0 30
29.2245048891173 1 1 1 1 31
10.1786215474634 1 1 0 0 31
10.9393329623201 1 0 1 0 14
3.04202026688058 1 0 0 0 14
11.9002200110625 1 0 1 0 34
2.26083247667082 1 0 0 0 34
9.31965456160386 1 0 1 0 50
1.0559495296645 1 0 0 0 50
10.4909890728492 1 0 1 0 30
3.56919148018316 1 0 0 0 30
30.1626190156653 1 1 1 1 34
7.83809064303576 1 1 0 0 34
18.9319866576847 1 0 1 0 37
8.21545655033985 1 0 0 0 37
28.4021167615628 1 1 1 1 56
4.53585826694011 1 1 0 0 56
19.0500325579693 1 0 1 0 37
4.3132376470232 1 0 0 0 37
8.92857190181252 1 0 1 0 29
3.66470589251897 1 0 0 0 29
29.3911142365842 1 1 1 1 19
6.24740147576154 1 1 0 0 19
24.6555774858266 1 1 1 1 24
5.73840088497785 1 1 0 0 24
43.4478118805708 1 1 1 1 38
14.4610059964253 1 1 0 0 38
29.2696516413631 1 1 1 1 19
8.88504307445146 1 1 0 0 19
10.8472494722508 1 0 1 0 15
3.64419517928779 1 0 0 0 15
39.6078560350963 1 1 1 1 41
11.9412031414754 1 1 0 0 41
11.0173592214209 1 0 1 0 19
4.44981572193115 1 0 0 0 19
31.1988707127251 1 1 1 1 19
8.74930743796144 1 1 0 0 19
30.131461742917 1 1 1 1 19
7.08576373162961 1 1 0 0 19
16.6863137517404 1 0 1 0 36
3.41151462511347 1 0 0 0 36
10.9574569482323 1 0 1 0 35
4.06421176436561 1 0 0 0 35
30.9614044359072 1 1 1 1 30
7.3642485296365 1 1 0 0 30
10.3586621085488 1 0 1 0 34
3.33451354219795 1 0 0 0 34
8.94446619005211 1 0 1 0 1
1.282259274076 1 0 0 0 1
42.0938682066629 1 1 1 1 38
13.8524584087283 1 1 0 0 38
29.1531045591379 1 1 1 1 57
5.17786689109425 1 1 0 0 57
10.4549346172021 1 0 1 0 56
4.02963687015953 1 0 0 0 56
41.3687830061232 1 1 1 1 37
14.0409197825057 1 1 0 0 37
10.9252188386125 1 0 1 0 49
3.08136429921474 1 0 0 0 49
28.2529692664012 1 1 1 1 16
6.78776227353229 1 1 0 0 16
11.6277447970704 1 0 1 0 19
1.91906128092069 1 0 0 0 19
28.5921806751855 1 1 1 1 19
6.52542019497074 1 1 0 0 19
38.3304311094441 1 1 1 1 33
10.422878073903 1 1 0 0 33
7.66399922644667 1 0 1 0 48
1.31813026870206 1 0 0 0 48
13.5244882203924 1 0 1 0 54
1.69109751735257 1 0 0 0 54
11.8111829730107 1 0 1 0 19
2.93540969814721 1 0 0 0 19
10.1180253930396 1 0 1 0 19
2.72431154485722 1 0 0 0 19
40.0995948424805 1 1 1 1 41
11.9642867303755 1 1 0 0 41
12.0650429188622 1 0 1 0 30
2.54243640858621 1 0 0 0 30
26.8901140177461 1 1 1 1 19
9.57370945108867 1 1 0 0 19
9.41263909203748 1 0 1 0 19
3.87160021268702 1 0 0 0 19
46.1395402502574 1 1 1 1 38
11.8741639369718 1 1 0 0 38
10.3881578738729 1 0 1 0 40
1.69872551026424 1 0 0 0 40
29.0713874885341 1 1 1 1 30
6.67376334908756 1 1 0 0 30
7.6366488409499 1 0 1 0 29
1.46351374830677 1 0 0 0 29
22.5469018864933 1 1 1 1 1
6.38736870121506 1 1 0 0 1
17.7320631515055 1 0 1 0 36
2.44027391980496 1 0 0 0 36
33.0965091010002 1 1 1 1 43
10.297505440325 1 1 0 0 43
11.8331340983378 1 0 1 0 34
1.54516524135096 1 0 0 0 34
17.4587720001157 1 0 1 0 37
4.91966009808865 1 0 0 0 37
12.802918194718 1 0 1 0 30
2.61322921890518 1 0 0 0 30
37.8404320056415 1 1 1 1 36
10.2306926310842 1 1 0 0 36
26.1028952915571 1 1 1 1 1
3.93074711893155 1 1 0 0 1
9.37693592046342 1 0 1 0 15
7.7585072583558 1 0 0 0 15
10.8887704353303 1 0 1 0 19
3.24691391199083 1 0 0 0 19
33.5333525754021 1 1 1 1 49
8.25522427544039 1 1 0 0 49
12.2092494030292 1 0 1 0 19
3.34695104602265 1 0 0 0 19
29.2241606329617 1 1 1 1 34
7.85546964027037 1 1 0 0 34
11.9585523890938 1 0 1 0 30
6.15002270138803 1 0 0 0 30
16.5792959348479 1 0 1 0 37
3.76622619870528 1 0 0 0 37
9.346782056909 1 0 1 0 1
2.21284481836492 1 0 0 0 1
32.5998155634617 1 1 1 1 43
8.561689003022 1 1 0 0 43
13.8562325168258 1 0 1 0 33
6.30019275664684 1 0 0 0 33
30.8002547596704 1 1 1 1 30
7.59180685878078 1 1 0 0 30
11.1441463191768 1 0 1 0 19
2.54630758339932 1 0 0 0 19
12.0733587309664 1 0 1 0 10
2.98723082263253 1 0 0 0 10
11.570087493867 1 0 1 0 10
2.16128865249885 1 0 0 0 10
42.4857179489118 1 1 1 1 37
12.7219531730343 1 1 0 0 37
11.6120573984051 1 0 1 0 19
1.55892140325633 1 0 0 0 19
10.3043488111522 1 0 1 0 43
6.30792524675931 1 0 0 0 43
13.0076326826388 1 0 1 0 43
1.71387406127662 1 0 0 0 43
27.2068415501428 1 1 1 1 10
5.53165782131465 1 1 0 0 10
14.5878835065626 1 0 1 0 19
4.68118863806679 1 0 0 0 19
36.083811256937 1 1 1 1 36
11.5286223659102 1 1 0 0 36
11.4207655875837 1 0 1 0 30
2.46642234153716 1 0 0 0 30
16.5124506678599 1 0 1 0 37
4.47528317985009 1 0 0 0 37
10.8324145018344 1 0 1 0 24
1.84313646942718 1 0 0 0 24
9.46197942090517 1 0 1 0 1
2.11838479956554 1 0 0 0 1
10.5134033493304 1 0 1 0 7
1.09664101652505 1 0 0 0 7
10.0746790172483 1 0 1 0 19
5.19494973559167 1 0 0 0 19
11.3828317567959 1 0 1 0 30
2.11736745776115 1 0 0 0 30
9.72994187856293 1 0 1 0 19
1.00829400906431 1 0 0 0 19
26.886379860009 1 1 1 1 20
8.42473675435447 1 1 0 0 20
10.5652712238515 1 0 1 0 39
3.29549117530939 1 0 0 0 39
37.5424023453525 1 1 1 1 41
11.4102627468447 1 1 0 0 41
12.2168006320675 1 0 1 0 49
2.14564113313339 1 0 0 0 49
19.3212232492003 1 0 1 0 38
4.07251540401888 1 0 0 0 38
32.5590473297792 1 1 1 1 19
7.84602582552642 1 1 0 0 19
24.9175401779438 1 1 1 1 1
4.37007157485773 1 1 0 0 1
12.9351092387049 1 0 1 0 52
2.17359586375482 1 0 0 0 52
11.899406552025 1 0 1 0 43
4.07596959053554 1 0 0 0 43
27.936651296016 1 1 1 1 27
5.63448845551402 1 1 0 0 27
42.324380203928 1 1 1 1 38
13.205920989349 1 1 0 0 38
33.410484369833 1 1 1 1 30
7.20743668267202 1 1 0 0 30
31.7292609461556 1 1 1 1 43
11.9002613618228 1 1 0 0 43
29.6510440330625 1 1 1 1 19
6.05065185424977 1 1 0 0 19
10.5381701388693 1 0 1 0 19
3.51170049351672 1 0 0 0 19
14.2308779301715 1 0 1 0 36
3.46579670049243 1 0 0 0 36
10.5062837021287 1 0 1 0 56
2.85796098758449 1 0 0 0 56
32.0544768690803 1 1 1 1 19
7.84850703752106 1 1 0 0 19
19.1561848021371 1 0 1 0 37
6.20822000878824 1 0 0 0 37
11.1564487383206 1 0 1 0 3
0.442274361738772 1 0 0 0 3
24.7828575906419 1 1 1 1 39
5.70922404282713 1 1 0 0 39
42.2491329220515 1 1 1 1 37
15.0198869963121 1 1 0 0 37
15.249634145748 1 0 1 0 30
5.32854728142714 1 0 0 0 30
11.2899921904879 1 0 1 0 19
0.341051541882581 1 0 0 0 19
30.7449173238555 1 1 1 1 30
8.94198495228544 1 1 0 0 30
18.8227323472074 1 0 1 0 37
6.67741909110644 1 0 0 0 37
28.4131250756704 1 1 1 1 44
5.34054155612849 1 1 0 0 44
25.8157131779798 1 1 1 1 1
4.78298019924175 1 1 0 0 1
32.4625180943212 1 1 1 1 12
9.09868763897401 1 1 0 0 12
42.7879657296929 1 1 1 1 37
13.2160240879401 1 1 0 0 37
23.1616628707871 1 1 1 1 39
7.44356806347708 1 1 0 0 39
35.6698938503549 1 1 1 1 42
9.84755089003948 1 1 0 0 42
11.5304102755734 1 0 1 0 34
3.16078438691828 1 0 0 0 34
17.9402722264611 1 0 1 0 37
7.63670588560581 1 0 0 0 37
9.08590093219427 1 0 1 0 40
2.30720910105251 1 0 0 0 40
31.1810989872917 1 1 1 1 34
9.25396844718637 1 1 0 0 34
31.0979072283385 1 1 1 1 15
7.01583840018377 1 1 0 0 15
45.0143847193122 1 1 1 1 37
13.2754576688676 1 1 0 0 37
27.2542636573948 1 1 1 1 1
3.50404257105783 1 1 0 0 1
29.5079358775624 1 1 1 1 15
9.60014761719109 1 1 0 0 15
10.3518235041793 1 0 1 0 34
1.90676216965394 1 0 0 0 34
7.96604702684796 1 0 1 0 1
0.285280177428045 1 0 0 0 1
14.7417658159692 1 0 1 0 33
4.98213722680654 1 0 0 0 33
40.8901765082284 1 1 1 1 13
14.2798014733026 1 1 0 0 13
13.9070247400547 1 0 1 0 43
6.36500380203033 1 0 0 0 43
33.1348758156076 1 1 1 1 30
9.88606802217549 1 1 0 0 30
28.8527695314139 1 1 1 1 30
7.96516794323196 1 1 0 0 30
29.295975211869 1 1 1 1 19
8.96869006499341 1 1 0 0 19
8.84626709990033 1 0 1 0 39
0.514812168672863 1 0 0 0 39
38.8409348154453 1 1 1 1 36
12.0493318858303 1 1 0 0 36
12.4938792286388 1 0 1 0 43
5.20610470826187 1 0 0 0 43
27.9005313313895 1 1 1 1 19
8.90829804768672 1 1 0 0 19
8.03090947216359 1 0 1 0 7
2.79342767551052 1 0 0 0 7
17.5416882633033 1 0 1 0 37
6.21134060873098 1 0 0 0 37
13.3670032140901 1 0 1 0 19
2.83546615195717 1 0 0 0 19
31.2328893102411 1 1 1 1 19
6.29305748976891 1 1 0 0 19
16.6072007101404 1 0 1 0 37
7.46469727555514 1 0 0 0 37
15.2957677950801 1 0 1 0 36
1.35812852853246 1 0 0 0 36
40.2534062193944 1 1 1 1 37
12.8971811572629 1 1 0 0 37
12.7026930657181 1 0 1 0 19
2.68107172534889 1 0 0 0 19
30.6765784737485 1 1 1 1 19
9.32999543191724 1 1 0 0 19
26.9773648621162 1 1 1 1 1
5.493727095006 1 1 0 0 1
31.9089646225736 1 1 1 1 43
6.73046342170551 1 1 0 0 43
9.9313513933489 1 0 1 0 50
1.68771454323417 1 0 0 0 50
7.91588362841799 1 0 1 0 1
1.51933289974381 1 0 0 0 1
43.6177928836462 1 1 1 1 37
10.3629564534742 1 1 0 0 37
17.4658743527 1 0 1 0 38
5.6737302308465 1 0 0 0 38
28.5306578257675 1 1 1 1 19
8.44596709005965 1 1 0 0 19
15.343910379054 1 0 1 0 36
4.21368968970458 1 0 0 0 36
12.1474389173208 1 0 1 0 41
8.28300907727954 1 0 0 0 41
8.70537193934588 1 0 1 0 39
3.21573649928537 1 0 0 0 39
11.8654603746321 1 0 1 0 19
4.2742631930409 1 0 0 0 19
29.8578586123124 1 1 1 1 5
8.02356729113569 1 1 0 0 5
16.1695555786772 1 0 1 0 41
3.30940810135747 1 0 0 0 41
43.3943186276376 1 1 1 1 37
12.5291217209519 1 1 0 0 37
21.0455371505828 1 0 1 0 37
2.9812632434892 1 0 0 0 37
29.1376670335829 1 1 1 1 19
9.14102041628473 1 1 0 0 19
28.1994520605702 1 1 1 1 27
5.90609587556658 1 1 0 0 27
10.5970699170213 1 0 1 0 30
3.34425665997586 1 0 0 0 30
28.0509269406293 1 1 1 1 10
4.67633982867445 1 1 0 0 10
29.7985285211912 1 1 1 1 54
8.84786684777219 1 1 0 0 54
30.0409445256698 1 1 1 1 19
6.4817376100775 1 1 0 0 19
12.8314562568368 1 0 1 0 43
5.43303157546596 1 0 0 0 43
38.8092694052833 1 1 1 1 33
10.1568449072095 1 1 0 0 33
37.4405956953358 1 1 1 1 41
11.8152280078036 1 1 0 0 41
28.878783378069 1 1 1 1 19
4.92238431047775 1 1 0 0 19
31.044363587577 1 1 1 1 19
6.80069853221673 1 1 0 0 19
31.4041730312548 1 1 1 1 12
11.1200929908394 1 1 0 0 12
30.8876718806023 1 1 1 1 43
10.4059604873261 1 1 0 0 43
34.6759081670361 1 1 1 1 36
10.2590312854801 1 1 0 0 36
28.4376792773492 1 1 1 1 51
5.87471976905695 1 1 0 0 51
28.8961744804266 1 1 1 1 19
7.93296890494984 1 1 0 0 19
16.3085100919261 1 0 1 0 33
2.17955384179262 1 0 0 0 33
30.8001078918132 1 1 1 1 30
9.8855471316109 1 1 0 0 30
30.5327438588321 1 1 1 1 30
9.13726620580126 1 1 0 0 30
42.8785628032868 1 1 1 1 37
13.5599043037366 1 1 0 0 37
12.4021419601178 1 0 1 0 19
2.65162015478523 1 0 0 0 19
10.8932691541278 1 0 1 0 19
-0.912820687971532 1 0 0 0 19
14.6306221565187 1 0 1 0 36
4.86892432747529 1 0 0 0 36
30.5510123873881 1 1 1 1 19
7.18847484494159 1 1 0 0 19
32.3104412346399 1 1 1 1 19
8.37882231909489 1 1 0 0 19
15.5386403568889 1 0 1 0 33
6.31303608331356 1 0 0 0 33
14.6186809120709 1 0 1 0 41
4.00954310270541 1 0 0 0 41
35.372987951724 1 1 1 1 43
9.22565452056967 1 1 0 0 43
30.0083155554948 1 1 1 1 20
5.51641722356141 1 1 0 0 20
43.4692688665532 1 1 1 1 13
14.5151880863191 1 1 0 0 13
25.9441473485769 1 1 1 1 39
4.97982104444704 1 1 0 0 39
22.7954161940629 1 1 1 1 22
2.88530093844563 1 1 0 0 22
13.1660168256729 1 0 1 0 43
5.01754263530108 1 0 0 0 43
26.6472363088678 1 1 1 1 19
9.72129147358159 1 1 0 0 19
11.1038202880764 1 0 1 0 58
3.95108676712078 1 0 0 0 58
12.9399740220706 1 0 1 0 30
2.85725025305911 1 0 0 0 30
14.4476738496463 1 0 1 0 33
4.74757837921832 1 0 0 0 33
12.0988794480583 1 0 1 0 19
4.07433523501394 1 0 0 0 19
11.8596178081591 1 0 1 0 36
1.94622012012618 1 0 0 0 36
10.5707973942742 1 0 1 0 22
3.02452852086449 1 0 0 0 22
30.4094356204499 1 1 1 1 19
8.98517202311381 1 1 0 0 19
12.7753772976813 1 0 1 0 19
-0.937956702657854 1 0 0 0 19
31.3198348615149 1 1 1 1 54
7.89296451870423 1 1 0 0 54
11.8044375396751 1 0 1 0 19
2.40774024231031 1 0 0 0 19
31.0269887493257 1 1 1 1 19
7.48094255683457 1 1 0 0 19
37.1920580499738 1 1 1 1 36
10.207917964937 1 1 0 0 36
6.95224427940461 1 0 1 0 24
3.63075705115122 1 0 0 0 24
33.0302689835991 1 1 1 1 43
11.6483905167666 1 1 0 0 43
29.8859856604491 1 1 1 1 19
9.56475116111814 1 1 0 0 19
14.271960507649 1 0 1 0 19
2.42708058270651 1 0 0 0 19
27.9229086793385 1 1 1 1 19
7.63526278783898 1 1 0 0 19
11.704030736869 1 0 1 0 30
3.35444578556525 1 0 0 0 30
18.0563105082114 1 0 1 0 41
4.18518097625395 1 0 0 0 41
25.1286586590463 1 1 1 1 9
5.69276313288946 1 1 0 0 9
8.57682467307189 1 0 1 0 22
1.98851641760619 1 0 0 0 22
13.24170794261 1 0 1 0 34
3.14279521156864 1 0 0 0 34
13.014842038185 1 0 1 0 30
4.24141157625077 1 0 0 0 30
30.3902244622882 1 1 1 1 56
6.9891996428288 1 1 0 0 56
34.2832356167768 1 1 1 1 43
8.67116128567667 1 1 0 0 43
11.3286946855103 1 0 1 0 19
4.81078333821504 1 0 0 0 19
31.6239550962734 1 1 1 1 19
6.43227573142054 1 1 0 0 19
26.2106565500248 1 1 1 1 44
5.39314364030938 1 1 0 0 44
30.051014851436 1 1 1 1 19
8.20687721130461 1 1 0 0 19
29.0566391263229 1 1 1 1 51
8.30831139118132 1 1 0 0 51
42.5884550648078 1 1 1 1 38
12.510835203393 1 1 0 0 38
33.6674030969568 1 1 1 1 12
10.0554174334435 1 1 0 0 12
9.02478077332604 1 0 1 0 15
3.04042581075114 1 0 0 0 15
13.4949990432323 1 0 1 0 36
1.33192562594236 1 0 0 0 36
14.9743625308646 1 0 1 0 36
4.14838760066916 1 0 0 0 36
29.6561431466782 1 1 1 1 19
8.27944287641768 1 1 0 0 19
12.1564547826602 1 0 1 0 16
2.88969829612621 1 0 0 0 16
16.755931567149 1 0 1 0 37
4.27703591622388 1 0 0 0 37
29.607446787876 1 1 1 1 19
8.41218724724695 1 1 0 0 19
28.3235140300295 1 1 1 1 19
7.71310491827842 1 1 0 0 19
31.1617665631225 1 1 1 1 19
7.82062584670216 1 1 0 0 19
9.92074459849511 1 0 1 0 16
2.20869411723702 1 0 0 0 16
38.0351340822435 1 1 1 1 36
11.5383095901941 1 1 0 0 36
13.9070258058981 1 0 1 0 43
3.68015306719088 1 0 0 0 43
12.0585126958457 1 0 1 0 19
2.03537906791635 1 0 0 0 19
16.2161261669777 1 0 1 0 33
3.79771538638401 1 0 0 0 33
33.1149868389784 1 1 1 1 42
10.4042484093332 1 1 0 0 42
18.1118519391896 1 0 1 0 33
5.64644307015576 1 0 0 0 33
19.2756206441369 1 0 1 0 37
5.8236976144461 1 0 0 0 37
29.9202043731842 1 1 1 1 45
8.38514961266561 1 1 0 0 45
14.375629426807 1 0 1 0 36
3.5975682889523 1 0 0 0 36
32.2905780035161 1 1 1 1 30
7.12249918341783 1 1 0 0 30
12.6242399372174 1 0 1 0 31
4.82490716192631 1 0 0 0 31
27.7831526087944 1 1 1 1 15
8.73687973557868 1 1 0 0 15
18.7968622480997 1 0 1 0 33
3.72575745710636 1 0 0 0 33
26.714703805818 1 1 1 1 39
5.29580502287319 1 1 0 0 39
39.7348368477631 1 1 1 1 33
12.1161150304236 1 1 0 0 33
32.1300052360799 1 1 1 1 19
5.9104608288587 1 1 0 0 19
15.562199420088 1 0 1 0 41
3.90123336188752 1 0 0 0 41
10.8800899050685 1 0 1 0 15
2.28462582967908 1 0 0 0 15
8.11410828981055 1 0 1 0 1
2.59219576267802 1 0 0 0 1
9.82525730970819 1 0 1 0 34
5.06996178714416 1 0 0 0 34
27.4189902554208 1 1 1 1 56
7.94446371545755 1 1 0 0 56
38.9178143742876 1 1 1 1 33
12.5925785973558 1 1 0 0 33
30.8680008559626 1 1 1 1 30
8.92825968758269 1 1 0 0 30
13.3661635618758 1 0 1 0 30
1.08018330587693 1 0 0 0 30
8.6853340603777 1 0 1 0 50
2.94954994907619 1 0 0 0 50
11.3777140553002 1 0 1 0 30
5.07741538771968 1 0 0 0 30
43.1345712281907 1 1 1 1 37
13.2831875925934 1 1 0 0 37
27.6615532381259 1 1 1 1 19
8.01066831289833 1 1 0 0 19
28.0942235850519 1 1 1 1 51
7.38270263568208 1 1 0 0 51
10.3357536777143 1 0 1 0 30
3.8451461275113 1 0 0 0 30
23.1057915209562 1 1 1 1 7
5.55663271814138 1 1 0 0 7
12.0177136711345 1 0 1 0 19
1.71709775220437 1 0 0 0 19
30.353229020599 1 1 1 1 34
5.90130448170931 1 1 0 0 34
25.820222627155 1 1 1 1 19
8.63132105889968 1 1 0 0 19
30.9825469083565 1 1 1 1 19
7.56951054547574 1 1 0 0 19
11.8720067446877 1 0 1 0 15
1.54027179942293 1 0 0 0 15
25.3400134845024 1 1 1 1 39
3.65628386246819 1 1 0 0 39
13.1487381263733 1 0 1 0 19
5.45546757255945 1 0 0 0 19
12.022577108746 1 0 1 0 10
2.82871974397641 1 0 0 0 10
32.5859708869028 1 1 1 1 49
6.79535000339601 1 1 0 0 49
25.6928714823809 1 1 1 1 7
5.57853577601425 1 1 0 0 7
14.7059708343293 1 0 1 0 41
2.64951206592217 1 0 0 0 41
31.5585499510447 1 1 1 1 43
8.00916170063918 1 1 0 0 43
10.8018427592075 1 0 1 0 34
1.24927870051549 1 0 0 0 34
17.1486725398532 1 0 1 0 36
4.23777888319165 1 0 0 0 36
31.3140459924383 1 1 1 1 19
4.29439806136098 1 1 0 0 19
37.5231351786413 1 1 1 1 33
10.807533305375 1 1 0 0 33
30.2529993506523 1 1 1 1 43
11.3971511146578 1 1 0 0 43
34.4572721065937 1 1 1 1 36
11.2107017847402 1 1 0 0 36
25.8111781344207 1 1 1 1 1
5.66650645223129 1 1 0 0 1
9.92126639148043 1 0 1 0 15
4.50599407447857 1 0 0 0 15
15.6012507356321 1 0 1 0 33
3.00976598607156 1 0 0 0 33
7.43268716056707 1 0 1 0 40
5.02059285249799 1 0 0 0 40
7.81087089631522 1 0 1 0 7
-0.797709113628596 1 0 0 0 7
18.3818461195423 1 0 1 0 37
5.75493081949235 1 0 0 0 37
9.5636852112997 1 0 1 0 19
0.0774010961726996 1 0 0 0 19
17.9056619184832 1 0 1 0 38
7.12012989117855 1 0 0 0 38
25.4747130474594 1 1 1 1 7
5.17944012175302 1 1 0 0 7
7.81598862292387 1 0 1 0 39
2.67815641244296 1 0 0 0 39
30.0163753230714 1 1 1 1 19
8.86430391281947 1 1 0 0 19
10.9185532608269 1 0 1 0 19
4.09703510677512 1 0 0 0 19
9.9841196285611 1 0 1 0 15
2.70752382828723 1 0 0 0 15
18.6753734431298 1 0 1 0 37
6.71623025919733 1 0 0 0 37
12.0206009658338 1 0 1 0 36
4.41200000155994 1 0 0 0 36
16.4956891212507 1 0 1 0 41
2.59464267156108 1 0 0 0 41
12.9163560461099 1 0 1 0 57
2.01123103257164 1 0 0 0 57
32.7375907272582 1 1 1 1 30
9.57735548044733 1 1 0 0 30
30.837270119213 1 1 1 1 54
8.74956346806371 1 1 0 0 54
29.9228968625558 1 1 1 1 5
10.2726020081758 1 1 0 0 5
35.4138017194345 1 1 1 1 49
8.89923672600058 1 1 0 0 49
25.9159011417297 1 1 1 1 56
7.84610071194544 1 1 0 0 56
15.0527680542409 1 0 1 0 36
4.04071837741824 1 0 0 0 36
9.57410072152402 1 0 1 0 7
3.25577996990508 1 0 0 0 7
10.7457583122707 1 0 1 0 19
2.40924280706536 1 0 0 0 19
9.95831879629487 1 0 1 0 40
1.29139487824378 1 0 0 0 40
11.6073676616163 1 0 1 0 19
0.0508829156061283 1 0 0 0 19
40.5986691092158 1 1 1 1 37
11.3033985914616 1 1 0 0 37
10.7995245522888 1 0 1 0 30
2.15945649268636 1 0 0 0 30
36.9994441096672 1 1 1 1 36
12.1493474882942 1 1 0 0 36
7.74174359479638 1 0 1 0 7
0.416722276916202 1 0 0 0 7
25.8432271994159 1 1 1 1 50
6.73357061252217 1 1 0 0 50
31.8772715950309 1 1 1 1 12
9.67719482847954 1 1 0 0 12
11.023874140363 1 0 1 0 19
-0.114271305908701 1 0 0 0 19
13.0839429144552 1 0 1 0 49
4.83887647310554 1 0 0 0 49
13.1634747649533 1 0 1 0 19
1.70939392409366 1 0 0 0 19
24.4521898844273 1 1 1 1 40
10.6928142461407 1 1 0 0 40
43.5090009979808 1 1 1 1 13
13.8421989899002 1 1 0 0 13
11.9581104273722 1 0 1 0 34
0.688628627000025 1 0 0 0 34
9.50557282624144 1 0 1 0 27
0.311178669636685 1 0 0 0 27
37.1838698931165 1 1 1 1 33
11.9308880033228 1 1 0 0 33
7.36335056611697 1 0 1 0 1
2.60812023837314 1 0 0 0 1
24.9842920592984 1 1 1 1 7
4.5978057598699 1 1 0 0 7
24.9342082626878 1 1 1 1 1
6.47245399684333 1 1 0 0 1
28.8170130097042 1 1 1 1 50
7.01887468976298 1 1 0 0 50
29.3458381812669 1 1 1 1 15
7.70986917337779 1 1 0 0 15
45.4781948557503 1 1 1 1 38
15.5072291565402 1 1 0 0 38
18.807725510061 1 0 1 0 37
4.90983772775472 1 0 0 0 37
27.8442408098095 1 1 1 1 50
7.89022626813891 1 1 0 0 50
9.89018020538538 1 0 1 0 34
0.527033431278831 1 0 0 0 34
43.0901312135574 1 1 1 1 37
11.0183566983007 1 1 0 0 37
17.6300845915628 1 0 1 0 37
5.67010284681769 1 0 0 0 37
19.0682530799375 1 0 1 0 13
5.85990160465147 1 0 0 0 13
30.2583232883011 1 1 1 1 30
10.2107588640795 1 1 0 0 30
31.0005026503648 1 1 1 1 51
8.77361748562264 1 1 0 0 51
35.415316231087 1 1 1 1 33
13.7421091462586 1 1 0 0 33
11.3990210107367 1 0 1 0 19
3.56749730025672 1 0 0 0 19
44.3193479291108 1 1 1 1 38
13.7794024718143 1 1 0 0 38
36.3523447572507 1 1 1 1 36
12.2017357099799 1 1 0 0 36
30.8002011751443 1 1 1 1 19
9.37419931892276 1 1 0 0 19
20.9976707470093 1 0 1 0 37
6.25582490940457 1 0 0 0 37
32.2757593846476 1 1 1 1 43
6.08360814665663 1 1 0 0 43
16.878416006924 1 0 1 0 53
2.80174449546067 1 0 0 0 53
15.5164841582902 1 0 1 0 43
4.01326500602416 1 0 0 0 43
14.3337709692082 1 0 1 0 43
3.32828516695592 1 0 0 0 43
30.4729948115073 1 1 1 1 54
8.88142283193343 1 1 0 0 54
17.3644890791813 1 0 1 0 37
5.14593640430546 1 0 0 0 37
10.725705244489 1 0 1 0 1
1.48885388794902 1 0 0 0 1
21.0199573365361 1 1 1 1 21
5.31407663934405 1 1 0 0 21
12.241675285276 1 0 1 0 19
3.69695644202671 1 0 0 0 19
12.3502546596843 1 0 1 0 19
0.432163487634887 1 0 0 0 19
9.93959812836205 1 0 1 0 4
3.41294831022075 1 0 0 0 4
17.4401004711354 1 0 1 0 41
4.32827481180089 1 0 0 0 41
11.0230712290779 1 0 1 0 19
4.92927684781379 1 0 0 0 19
9.1194896266814 1 0 1 0 19
2.20738552955842 1 0 0 0 19
30.4407931622522 1 1 1 1 19
5.68587942040744 1 1 0 0 19
10.7204556709205 1 0 1 0 28
5.47752404784488 1 0 0 0 28
42.1767038525524 1 1 1 1 37
12.7873349339752 1 1 0 0 37
30.2003812548562 1 1 1 1 34
7.36846369792208 1 1 0 0 34
28.5956872403918 1 1 1 1 44
8.59282236496217 1 1 0 0 44
38.167860280075 1 1 1 1 33
10.0987155150597 1 1 0 0 33
36.2998080652841 1 1 1 1 33
10.9241846063261 1 1 0 0 33
30.921510403603 1 1 1 1 19
5.20443670435196 1 1 0 0 19
8.69566208320605 1 0 1 0 34
2.04664082177444 1 0 0 0 34
32.5402366822369 1 1 1 1 43
7.91793797762517 1 1 0 0 43
31.0478966000361 1 1 1 1 19
8.44521335334233 1 1 0 0 19
30.0218062426201 1 1 1 1 57
8.69469085500397 1 1 0 0 57
9.84257247071328 1 0 1 0 1
1.14311136822602 1 0 0 0 1
11.2437194401697 1 0 1 0 54
3.52881608298775 1 0 0 0 54
30.2977048237051 1 1 1 1 19
7.04319005999887 1 1 0 0 19
12.6877346470581 1 0 1 0 19
4.45565445409632 1 0 0 0 19
38.4474026517627 1 1 1 1 41
11.5295583430997 1 1 0 0 41
29.6868940704591 1 1 1 1 19
11.0304606240305 1 1 0 0 19
31.8055412826638 1 1 1 1 31
9.1279912917481 1 1 0 0 31
14.5234071464027 1 0 1 0 38
3.295137501484 1 0 0 0 38
27.961314184636 1 1 1 1 10
7.49992367092929 1 1 0 0 10
15.1536173917228 1 0 1 0 36
5.4221959046933 1 0 0 0 36
37.7821184565321 1 1 1 1 41
13.0434515209081 1 1 0 0 41
10.1750756043144 1 0 1 0 19
1.11616032275846 1 0 0 0 19
28.0557951650879 1 1 1 1 19
9.02352353917473 1 1 0 0 19
29.411488160892 1 1 1 1 34
8.88010256357427 1 1 0 0 34
26.851516442509 1 1 1 1 11
6.04290342782284 1 1 0 0 11
10.957366882606 1 0 1 0 19
0.205160568636856 1 0 0 0 19
28.1397583213174 1 1 1 1 19
5.93441206596895 1 1 0 0 19
12.8543655618708 1 0 1 0 34
2.12647280033725 1 0 0 0 34
30.866130764221 1 1 1 1 54
10.7234821314695 1 1 0 0 54
34.8527593059937 1 1 1 1 42
10.6247044208095 1 1 0 0 42
15.1513200619127 1 0 1 0 37
4.15842508143909 1 0 0 0 37
11.5577958924889 1 0 1 0 19
3.24812916238624 1 0 0 0 19
28.7198929686289 1 1 1 1 19
11.770721030027 1 1 0 0 19
23.253414004422 1 1 1 1 21
5.68195998084355 1 1 0 0 21
12.317957674451 1 0 1 0 31
3.56601508977541 1 0 0 0 31
14.4498610296788 1 0 1 0 33
5.99206459563476 1 0 0 0 33
38.7435090988212 1 1 1 1 36
10.7184363437643 1 1 0 0 36
18.4228696020222 1 0 1 0 37
5.17843690738549 1 0 0 0 37
12.9157808445043 1 0 1 0 19
1.19008879802424 1 0 0 0 19
20.9098955016189 1 0 1 0 37
4.46267690797433 1 0 0 0 37
15.5645788691152 1 0 1 0 37
4.81992623341762 1 0 0 0 37
14.9695377333462 1 0 1 0 36
6.55655700625937 1 0 0 0 36
31.0824891684091 1 1 1 1 19
8.17522366693452 1 1 0 0 19
33.1589433976405 1 1 1 1 42
8.99847669733209 1 1 0 0 42
11.9271823514742 1 0 1 0 43
7.09396314584431 1 0 0 0 43
27.1630850207934 1 1 1 1 19
9.57330984868678 1 1 0 0 19
9.40617259571075 1 0 1 0 44
4.30733240841254 1 0 0 0 44
29.6836620850888 1 1 1 1 30
9.0189408138855 1 1 0 0 30
14.0797457320914 1 0 1 0 41
5.92418327630772 1 0 0 0 41
38.5571640686575 1 1 1 1 36
13.5191660640023 1 1 0 0 36
25.7291280832995 1 1 1 1 9
8.62152916168957 1 1 0 0 9
26.3768460557645 1 1 1 1 1
5.22800818225043 1 1 0 0 1
25.2887689918084 1 1 1 1 1
4.0399000746713 1 1 0 0 1
29.5319286656057 1 1 1 1 19
9.70046045577321 1 1 0 0 19
32.0602264572135 1 1 1 1 30
9.46262782878886 1 1 0 0 30
23.145997463823 1 1 1 1 1
4.55959666211623 1 1 0 0 1
24.4385125741898 1 1 1 1 39
6.96103826198458 1 1 0 0 39
40.7816571590743 1 1 1 1 37
13.9759749490692 1 1 0 0 37
28.2149928543412 1 1 1 1 19
10.5596895933683 1 1 0 0 19
30.4452186184972 1 1 1 1 19
6.98238820453986 1 1 0 0 19
31.6356255073014 1 1 1 1 30
8.31738279310358 1 1 0 0 30
15.3696610162123 1 0 1 0 25
4.52311919060585 1 0 0 0 25
7.06350475453117 1 0 1 0 24
0.80045695715205 1 0 0 0 24
24.9987872617133 1 1 1 1 7
8.19452835119411 1 1 0 0 7
43.7163265673571 1 1 1 1 37
12.2978566007683 1 1 0 0 37
43.3504778526986 1 1 1 1 37
13.112442369406 1 1 0 0 37
31.7208569331916 1 1 1 1 30
9.18403363887287 1 1 0 0 30
28.2173337946215 1 1 1 1 7
4.20030740114262 1 1 0 0 7
18.2128607489158 1 0 1 0 38
2.9915121811656 1 0 0 0 38
30.6279980471767 1 1 1 1 19
9.5245955935826 1 1 0 0 19
32.3076022529873 1 1 1 1 57
4.81412647438182 1 1 0 0 57
12.0620403111507 1 0 1 0 19
5.0785218024846 1 0 0 0 19
10.4071492704149 1 0 1 0 56
2.42995324211595 1 0 0 0 56
29.7421726501801 1 1 1 1 19
8.48997148905806 1 1 0 0 19
13.0987802345904 1 0 1 0 43
5.34711915761894 1 0 0 0 43
31.1596952349576 1 1 1 1 30
9.0934059614568 1 1 0 0 30
14.996856431207 1 0 1 0 19
3.43482235822481 1 0 0 0 19
11.7452332972393 1 0 1 0 19
0.92693797558218 1 0 0 0 19
29.1005787574299 1 1 1 1 56
7.48851376116471 1 1 0 0 56
17.6120823341496 1 0 1 0 37
4.50243555159814 1 0 0 0 37
28.8225400748189 1 1 1 1 19
6.95442917474003 1 1 0 0 19
29.4904888904849 1 1 1 1 19
9.90858876622846 1 1 0 0 19
19.1113360318581 1 0 1 0 37
4.80711729000063 1 0 0 0 37
8.97908279069455 1 0 1 0 34
1.77680377756497 1 0 0 0 34
14.7126316022857 1 0 1 0 33
4.66034541998939 1 0 0 0 33
35.5217147962899 1 1 1 1 36
13.5983050086704 1 1 0 0 36
10.1503857298991 1 0 1 0 27
0.772916477471912 1 0 0 0 27
24.4143621666756 1 1 1 1 1
3.99268885989344 1 1 0 0 1
27.5372352306425 1 1 1 1 50
7.6502954378248 1 1 0 0 50
12.6609789401408 1 0 1 0 43
1.18978504479538 1 0 0 0 43
30.1059769864131 1 1 1 1 19
8.41279973460278 1 1 0 0 19
10.2268979642788 1 0 1 0 57
4.53353736250723 1 0 0 0 57
30.205524788581 1 1 1 1 56
11.0536690975215 1 1 0 0 56
32.2040896293038 1 1 1 1 43
9.27600666149719 1 1 0 0 43
43.5762530871876 1 1 1 1 38
14.0148015777707 1 1 0 0 38
8.864160821525 1 0 1 0 19
0.461825856579563 1 0 0 0 19
11.3686394316365 1 0 1 0 19
2.00340303711033 1 0 0 0 19
10.8255358882137 1 0 1 0 51
-0.343195245897784 1 0 0 0 51
21.7166071590196 1 1 1 1 48
4.05302587945191 1 1 0 0 48
31.1883409948664 1 1 1 1 19
6.4202575541028 1 1 0 0 19
42.3089766142406 1 1 1 1 38
14.0290958654832 1 1 0 0 38
11.0218638079853 1 0 1 0 19
3.03222156719672 1 0 0 0 19
33.0536940024732 1 1 1 1 19
6.38332725607299 1 1 0 0 19
29.3618447776999 1 1 1 1 19
7.24294879794892 1 1 0 0 19
33.4335852047008 1 1 1 1 30
7.7276108735605 1 1 0 0 30
14.6459721927403 1 0 1 0 36
5.37358490697633 1 0 0 0 36
22.9021025529219 1 1 1 1 24
8.27559502016992 1 1 0 0 24
15.7177329782588 1 0 1 0 36
2.74125231821276 1 0 0 0 36
30.1716247706626 1 1 1 1 34
7.46146949181912 1 1 0 0 34
11.8419855806826 1 0 1 0 31
3.47556685205048 1 0 0 0 31
31.3077823833034 1 1 1 1 19
6.06301253067179 1 1 0 0 19
37.3175998058634 1 1 1 1 41
10.9733547389458 1 1 0 0 41
22.493403493906 1 1 1 1 21
4.12038734460981 1 1 0 0 21
28.0457327782942 1 1 1 1 10
7.02125596938091 1 1 0 0 10
26.1885289581636 1 1 1 1 19
9.44535011398474 1 1 0 0 19
15.7131682794174 1 0 1 0 33
7.93081238544468 1 0 0 0 33
32.9514947804586 1 1 1 1 43
8.57781955650074 1 1 0 0 43
33.4848631672299 1 1 1 1 34
11.7685038014577 1 1 0 0 34
36.4405349170361 1 1 1 1 33
12.4261208765859 1 1 0 0 33
29.4950958280144 1 1 1 1 19
8.23828728857508 1 1 0 0 19
9.04857014292651 1 0 1 0 9
-0.123510662789319 1 0 0 0 9
31.6986197380548 1 1 1 1 30
11.289636232454 1 1 0 0 30
9.0612828810036 1 0 1 0 1
1.54334556770408 1 0 0 0 1
31.7717235846713 1 1 1 1 19
9.24428116821979 1 1 0 0 19
27.9318033753547 1 1 1 1 57
7.85992137043037 1 1 0 0 57
32.1323130106593 1 1 1 1 19
9.9752600288225 1 1 0 0 19
18.6640397692414 1 0 1 0 38
6.5287404494102 1 0 0 0 38
24.9464369731572 1 1 1 1 29
7.07326813878913 1 1 0 0 29
29.9449404516681 1 1 1 1 30
8.16809152383892 1 1 0 0 30
13.4812455357714 1 0 1 0 43
1.8756293335735 1 0 0 0 43
29.0436184138763 1 1 1 1 55
8.34975624244621 1 1 0 0 55
9.47334220140879 1 0 1 0 40
4.64649290084169 1 0 0 0 40
26.0321982366395 1 1 1 1 27
7.59694559128325 1 1 0 0 27
11.8809639467652 1 0 1 0 30
2.77106466220644 1 0 0 0 30
18.9271482862795 1 0 1 0 13
4.14894809608999 1 0 0 0 13
27.6712545682876 1 1 1 1 34
7.06382978628761 1 1 0 0 34
44.6598052028824 1 1 1 1 37
13.2599916931358 1 1 0 0 37
29.5652587171586 1 1 1 1 56
7.53303251890667 1 1 0 0 56
12.143673292612 1 0 1 0 19
1.47927829059221 1 0 0 0 19
16.3995932911883 1 0 1 0 36
5.08730798322562 1 0 0 0 36
37.0235571769934 1 1 1 1 33
11.8399594633862 1 1 0 0 33
9.78346513813112 1 0 1 0 7
2.61521620427466 1 0 0 0 7
17.4557739405087 1 0 1 0 33
3.64688355229151 1 0 0 0 33
33.5609336783804 1 1 1 1 43
10.6758157267734 1 1 0 0 43
9.56109511387813 1 0 1 0 50
1.11626388588328 1 0 0 0 50
40.6421625833719 1 1 1 1 37
13.8285369171794 1 1 0 0 37
11.9061423698881 1 0 1 0 30
5.65596827925604 1 0 0 0 30
44.1964594521695 1 1 1 1 38
13.3901277409245 1 1 0 0 38
28.3435083287423 1 1 1 1 19
7.15011667328541 1 1 0 0 19
30.0136720835551 1 1 1 1 34
7.12541345311894 1 1 0 0 34
32.7097093495036 1 1 1 1 43
8.73709006526779 1 1 0 0 43
29.328976350493 1 1 1 1 15
6.79940479238911 1 1 0 0 15
14.1724345647747 1 0 1 0 19
3.29555457114554 1 0 0 0 19
24.9012630318871 1 1 1 1 7
3.4839041396058 1 1 0 0 7
31.1962137576979 1 1 1 1 57
6.08907063690933 1 1 0 0 57
13.5012587037531 1 0 1 0 36
5.55914041314581 1 0 0 0 36
41.5422310897272 1 1 1 1 37
10.7085566021184 1 1 0 0 37
13.5932729147963 1 0 1 0 23
-0.141808572379017 1 0 0 0 23
42.9925243179253 1 1 1 1 37
14.6197360769454 1 1 0 0 37
27.1788373639195 1 1 1 1 10
7.83649660856835 1 1 0 0 10
38.7850778471673 1 1 1 1 33
13.2344728994585 1 1 0 0 33
28.1626356141455 1 1 1 1 27
6.39342999339845 1 1 0 0 27
16.9301539777326 1 0 1 0 41
5.77866908723539 1 0 0 0 41
7.17317014113029 1 0 1 0 24
-0.0614688104859658 1 0 0 0 24
42.4091131545163 1 1 1 1 37
12.7936870865891 1 1 0 0 37
7.89957841106615 1 0 1 0 1
1.89245463691602 1 0 0 0 1
33.2572128519153 1 1 1 1 42
10.4512475140318 1 1 0 0 42
28.9100618841798 1 1 1 1 19
9.32739171824297 1 1 0 0 19
18.7887481819705 1 0 1 0 33
3.21838887955833 1 0 0 0 33
19.5659015305706 1 0 1 0 38
6.67571813852385 1 0 0 0 38
23.7368169324633 1 1 1 1 48
4.96920584281563 1 1 0 0 48
38.6866045160336 1 1 1 1 36
7.92428431502683 1 1 0 0 36
10.5686812925655 1 0 1 0 19
0.793152922332394 1 0 0 0 19
33.8790969971081 1 1 1 1 2
8.21844553620818 1 1 0 0 2
31.2404810132161 1 1 1 1 43
13.7128343514874 1 1 0 0 43
43.3688967078243 1 1 1 1 38
13.2885809327005 1 1 0 0 38
11.9023695937119 1 0 1 0 19
0.607069037128527 1 0 0 0 19
30.2221473148735 1 1 1 1 34
7.62713604356188 1 1 0 0 34
38.7192860095552 1 1 1 1 41
9.93648169842406 1 1 0 0 41
23.167418836015 1 1 1 1 1
4.43387104993516 1 1 0 0 1
10.392194820056 1 0 1 0 19
4.66229048844433 1 0 0 0 19
13.7115451605553 1 0 1 0 19
2.60327767954503 1 0 0 0 19
28.1939005818372 1 1 1 1 5
7.85492846265061 1 1 0 0 5
28.1690758443631 1 1 1 1 10
7.34522311642678 1 1 0 0 10
11.8884666548176 1 0 1 0 19
1.76919292219409 1 0 0 0 19
22.7039831969901 1 1 1 1 21
7.28402933904588 1 1 0 0 21
16.8518272417124 1 0 1 0 37
5.74477031611917 1 0 0 0 37
14.6814921037928 1 0 1 0 36
2.90580627311111 1 0 0 0 36
12.1992164742231 1 0 1 0 34
3.2160323765627 1 0 0 0 34
12.4832870108401 1 0 1 0 10
3.03350713237868 1 0 0 0 10
29.3249675775586 1 1 1 1 19
8.36732546099685 1 1 0 0 19
29.6180552909012 1 1 1 1 30
7.6336941805373 1 1 0 0 30
42.9040818359918 1 1 1 1 37
12.7100242961552 1 1 0 0 37
11.2700458408126 1 0 1 0 34
2.80827701261175 1 0 0 0 34
23.4792118778941 1 1 1 1 24
3.07996605355251 1 1 0 0 24
11.9716232359387 1 0 1 0 19
3.90227732871344 1 0 0 0 19
10.3355821390815 1 0 1 0 43
5.57987302043857 1 0 0 0 43
12.0229872653569 1 0 1 0 19
4.72252230836666 1 0 0 0 19
6.51045750214819 1 0 1 0 35
2.13263739091804 1 0 0 0 35
32.0412367167466 1 1 1 1 17
10.1939929396878 1 1 0 0 17
37.3496652852936 1 1 1 1 33
11.7485292586638 1 1 0 0 33
22.0987325686765 1 1 1 1 1
4.31478468018911 1 1 0 0 1
32.159302753328 1 1 1 1 43
8.21102603913267 1 1 0 0 43
24.5525199019289 1 1 1 1 1
4.75276021257702 1 1 0 0 1
19.1291529991595 1 0 1 0 13
7.24450446419675 1 0 0 0 13
28.0868422526125 1 1 1 1 32
7.23626575563136 1 1 0 0 32
14.0428606595293 1 0 1 0 30
0.0301900702564 1 0 0 0 30
29.3415251425143 1 1 1 1 19
10.8936898211863 1 1 0 0 19
32.6309594938969 1 1 1 1 34
7.98459057681637 1 1 0 0 34
36.9427262057135 1 1 1 1 33
11.996801649926 1 1 0 0 33
37.2408912923399 1 1 1 1 33
13.817403427554 1 1 0 0 33
10.337757380571 1 0 1 0 19
3.35253304287048 1 0 0 0 19
18.5043038785667 1 0 1 0 37
4.24491784102107 1 0 0 0 37
12.6825338433664 1 0 1 0 19
1.76742369878493 1 0 0 0 19
12.3695898047293 1 0 1 0 19
4.37607016222935 1 0 0 0 19
40.7845770972481 1 1 1 1 37
14.7480700065716 1 1 0 0 37
11.3144267356675 1 0 1 0 30
3.55621571299862 1 0 0 0 30
12.5220900950485 1 0 1 0 57
2.57829939441897 1 0 0 0 57
33.01226182385 1 1 1 1 49
7.19930129523337 1 1 0 0 49
11.2857694791019 1 0 1 0 19
3.99300100118432 1 0 0 0 19
28.9078015740629 1 1 1 1 43
7.10567007909156 1 1 0 0 43
9.72010085314689 1 0 1 0 34
0.723912919468304 1 0 0 0 34
12.8300288290573 1 0 1 0 57
1.77823357908554 1 0 0 0 57
29.2571081623727 1 1 1 1 58
8.01589043505784 1 1 0 0 58
10.9258544195083 1 0 1 0 19
4.03683404442134 1 0 0 0 19
8.97448892943963 1 0 1 0 27
4.13200422655627 1 0 0 0 27
38.7274236514438 1 1 1 1 33
12.2752528589707 1 1 0 0 33
9.95341119306595 1 0 1 0 15
5.93788823829193 1 0 0 0 15
17.3953894578195 1 0 1 0 37
2.73540407042566 1 0 0 0 37
29.5055474987327 1 1 1 1 19
5.23803997977948 1 1 0 0 19
30.8556074634037 1 1 1 1 30
8.21870773324264 1 1 0 0 30
15.0271034346935 1 0 1 0 42
5.45046489434224 1 0 0 0 42
31.6062396199183 1 1 1 1 49
10.0794034919362 1 1 0 0 49
14.0210278202585 1 0 1 0 30
2.03099007243856 1 0 0 0 30
23.6524587062985 1 1 1 1 7
6.79689849967505 1 1 0 0 7
27.5752666332314 1 1 1 1 50
8.09597260390373 1 1 0 0 50
14.4614641411271 1 0 1 0 17
3.99734162055262 1 0 0 0 17
44.9269902905421 1 1 1 1 38
14.7970585807494 1 1 0 0 38
12.0915279262742 1 0 1 0 19
3.37116225606167 1 0 0 0 19
39.8828983575336 1 1 1 1 41
9.90835406862051 1 1 0 0 41
7.16381172569008 1 0 1 0 9
2.49822415236186 1 0 0 0 9
42.0131797374212 1 1 1 1 37
13.2857875666272 1 1 0 0 37
28.5263402144427 1 1 1 1 27
7.80506802813293 1 1 0 0 27
29.4223718970639 1 1 1 1 19
7.5317532418887 1 1 0 0 19
18.1742226666177 1 0 1 0 38
7.01211437718997 1 0 0 0 38
30.3963280354638 1 1 1 1 19
10.0003356770496 1 1 0 0 19
25.5090286029901 1 1 1 1 39
7.99393987548865 1 1 0 0 39
31.0425979292009 1 1 1 1 19
8.8393737519701 1 1 0 0 19
15.9464781205654 1 0 1 0 33
4.117965666924 1 0 0 0 33
37.902489102686 1 1 1 1 41
11.6501777962227 1 1 0 0 41
11.547435422333 1 0 1 0 19
4.15907724291403 1 0 0 0 19
11.3236983318751 1 0 1 0 19
2.72562841037251 1 0 0 0 19
28.8438240457878 1 1 1 1 34
7.56749423473551 1 1 0 0 34
11.3810467861136 1 0 1 0 19
-0.44696010383628 1 0 0 0 19
27.5480971085959 1 1 1 1 15
7.7299895079701 1 1 0 0 15
28.209803396665 1 1 1 1 14
5.81738572292999 1 1 0 0 14
8.66183579154115 1 0 1 0 19
2.32400265047094 1 0 0 0 19
11.4278769788985 1 0 1 0 10
5.37513231736436 1 0 0 0 10
10.4493082848711 1 0 1 0 10
4.97907644751411 1 0 0 0 10
28.5247056571564 1 1 1 1 3
7.00079972713113 1 1 0 0 3
30.2532164488934 1 1 1 1 19
6.74257487291956 1 1 0 0 19
31.2215944823056 1 1 1 1 30
10.1005659438922 1 1 0 0 30
10.9464583855363 1 0 1 0 30
2.68511749316352 1 0 0 0 30
22.2128935946816 1 1 1 1 48
6.11188837960381 1 1 0 0 48
30.863884718559 1 1 1 1 57
8.45359461629781 1 1 0 0 57
10.2816588712735 1 0 1 0 30
3.29159039945232 1 0 0 0 30
7.43532005548493 1 0 1 0 7
1.82592150986642 1 0 0 0 7
34.0814347707437 1 1 1 1 17
8.39506701695581 1 1 0 0 17
32.3082783528016 1 1 1 1 30
7.75563540865735 1 1 0 0 30
9.64826107025518 1 0 1 0 28
3.44226953076805 1 0 0 0 28
11.1976923339086 1 0 1 0 43
1.07508302498853 1 0 0 0 43
29.8603790381375 1 1 1 1 10
7.71780192798436 1 1 0 0 10
23.7887456472932 1 1 1 1 1
2.59445420560528 1 1 0 0 1
26.5918064131761 1 1 1 1 21
10.3858142686785 1 1 0 0 21
30.0872656913623 1 1 1 1 19
9.1755651065661 1 1 0 0 19
19.3594932977527 1 0 1 0 37
4.32369763586869 1 0 0 0 37
14.26539413446 1 0 1 0 36
1.81789188031789 1 0 0 0 36
37.0150125011329 1 1 1 1 41
12.2059839313557 1 1 0 0 41
30.8836005856201 1 1 1 1 30
8.51288603069509 1 1 0 0 30
10.376246925358 1 0 1 0 27
-0.145929911139777 1 0 0 0 27
18.8122911097137 1 0 1 0 37
3.27479176319097 1 0 0 0 37
37.8690909438635 1 1 1 1 33
11.1425871272825 1 1 0 0 33
11.6975924209146 1 0 1 0 30
5.20464079858878 1 0 0 0 30
28.9706870553238 1 1 1 1 19
6.86628977974344 1 1 0 0 19
10.0089868274 1 0 1 0 43
2.34400983690305 1 0 0 0 43
7.7688838795137 1 0 1 0 4
2.62111173249876 1 0 0 0 4
28.5733717762636 1 1 1 1 19
8.40373738972927 1 1 0 0 19
31.0876553411845 1 1 1 1 30
6.78846381021855 1 1 0 0 30
7.65233099359198 1 0 1 0 7
3.07820352346529 1 0 0 0 7
31.4877760579498 1 1 1 1 23
11.4512054407673 1 1 0 0 23
17.6226401757772 1 0 1 0 37
3.20078041661768 1 0 0 0 37
25.5524532023531 1 1 1 1 29
7.22650799002765 1 1 0 0 29
11.9805397654669 1 0 1 0 1
1.9293351259999 1 0 0 0 1
13.0910466045332 1 0 1 0 19
3.9113874054611 1 0 0 0 19
25.7934343856371 1 1 1 1 44
7.07176763131961 1 1 0 0 44
11.1392597574477 1 0 1 0 1
3.01274573177952 1 0 0 0 1
30.449750878935 1 1 1 1 19
8.64849845687435 1 1 0 0 19
11.4631500769859 1 0 1 0 43
1.61754638696842 1 0 0 0 43
31.6258528077951 1 1 1 1 19
5.96526335359897 1 1 0 0 19
16.9430248258823 1 0 1 0 13
6.48150327316817 1 0 0 0 13
22.829123809569 1 1 1 1 1
4.63404484796588 1 1 0 0 1
9.80556498602498 1 0 1 0 19
3.7029072283711 1 0 0 0 19
31.9259170015965 1 1 1 1 30
9.41246194253881 1 1 0 0 30
12.1040357717256 1 0 1 0 19
3.6132208994639 1 0 0 0 19
10.1975278124369 1 0 1 0 1
-1.01034914152455 1 0 0 0 1
29.5833859688154 1 1 1 1 19
8.13280486924804 1 1 0 0 19
12.5031430041985 1 0 1 0 19
1.1457974935442 1 0 0 0 19
14.6534613925117 1 0 1 0 33
2.99541867016534 1 0 0 0 33
16.8551662042138 1 0 1 0 33
6.32266094326667 1 0 0 0 33
30.8636090412247 1 1 1 1 54
6.85010111301427 1 1 0 0 54
11.0770649330361 1 0 1 0 6
4.08383099983415 1 0 0 0 6
29.7662590805751 1 1 1 1 34
6.96253185036292 1 1 0 0 34
13.2260574591398 1 0 1 0 36
3.3195296376355 1 0 0 0 36
30.539702907963 1 1 1 1 34
7.15267036422137 1 1 0 0 34
23.0900157931193 1 1 1 1 35
6.77810661132197 1 1 0 0 35
10.111230306707 1 0 1 0 1
3.70369748740796 1 0 0 0 1
12.3556633709707 1 0 1 0 36
3.86347367279374 1 0 0 0 36
11.5703161657276 1 0 1 0 19
3.64340523059669 1 0 0 0 19
6.8441709099211 1 0 1 0 24
3.05966133302595 1 0 0 0 24
30.2285593000012 1 1 1 1 19
8.34683506253633 1 1 0 0 19
15.4811666939015 1 0 1 0 36
4.09585419043079 1 0 0 0 36
43.4913663288131 1 1 1 1 37
14.0978637301212 1 1 0 0 37
28.8841115620043 1 1 1 1 56
9.27283149941409 1 1 0 0 56
30.2075845453945 1 1 1 1 19
8.91951431920424 1 1 0 0 19
33.7357043056298 1 1 1 1 52
12.2202530597241 1 1 0 0 52
12.0010895421642 1 0 1 0 30
4.33896790146969 1 0 0 0 30
11.3367099413498 1 0 1 0 19
2.42970000046299 1 0 0 0 19
12.5876592954041 1 0 1 0 19
0.584170057417096 1 0 0 0 19
12.1548079840755 1 0 1 0 19
3.38174330974334 1 0 0 0 19
5.48156984142248 1 0 1 0 1
2.29472294572917 1 0 0 0 1
21.5475306724805 1 1 1 1 1
6.34761176940352 1 1 0 0 1
7.72937833696081 1 0 1 0 21
0.870572524995394 1 0 0 0 21
27.4356832649309 1 1 1 1 44
9.25554628870668 1 1 0 0 44
16.7292209841835 1 0 1 0 37
6.10547623142002 1 0 0 0 37
26.0022988531446 1 1 1 1 39
4.73391423905771 1 1 0 0 39
8.45469661614467 1 0 1 0 54
-0.204847911559953 1 0 0 0 54
11.8698699849353 1 0 1 0 23
3.17121985018844 1 0 0 0 23
32.8802307064013 1 1 1 1 57
8.34799211756949 1 1 0 0 57
12.6799475431467 1 0 1 0 19
4.71225977114881 1 0 0 0 19
8.58521745101961 1 0 1 0 1
2.49514613988582 1 0 0 0 1
15.9907198310309 1 0 1 0 36
6.19696560303378 1 0 0 0 36
25.6536494040474 1 1 1 1 7
6.47215095626863 1 1 0 0 7
30.7546239164632 1 1 1 1 43
10.2416696300999 1 1 0 0 43
12.8655848987304 1 0 1 0 43
4.38040430182655 1 0 0 0 43
10.7509190019191 1 0 1 0 44
1.66582338262842 1 0 0 0 44
38.0553489002087 1 1 1 1 33
12.7348891745787 1 1 0 0 33
30.0365676901767 1 1 1 1 19
6.79980621620554 1 1 0 0 19
43.3283533493868 1 1 1 1 13
12.1144903798641 1 1 0 0 13
10.1107064580831 1 0 1 0 19
2.62064547070515 1 0 0 0 19
22.0321543613832 1 1 1 1 7
3.48859924419371 1 1 0 0 7
31.3531067437966 1 1 1 1 19
7.15829471732016 1 1 0 0 19
27.1751565280877 1 1 1 1 19
7.81414429636714 1 1 0 0 19
13.3465701646239 1 0 1 0 19
3.76172541582491 1 0 0 0 19
12.1025061954003 1 0 1 0 19
4.49922593090995 1 0 0 0 19
10.3872282886897 1 0 1 0 19
3.85709275808719 1 0 0 0 19
10.6480316499763 1 0 1 0 19
2.82623713007813 1 0 0 0 19
31.6549244780648 1 1 1 1 28
9.22877235598394 1 1 0 0 28
13.0928576861095 1 0 1 0 30
1.57252479449069 1 0 0 0 30
9.88075061768556 1 0 1 0 56
5.96020790627676 1 0 0 0 56
28.2476833171896 1 1 1 1 19
8.27707666163842 1 1 0 0 19
10.5556272882214 1 0 1 0 1
3.2145000729088 1 0 0 0 1
27.0364580140017 1 1 1 1 4
5.82910014409281 1 1 0 0 4
28.6327935637585 1 1 1 1 19
7.5392296742312 1 1 0 0 19
35.1830237538469 1 1 1 1 36
11.6472390813971 1 1 0 0 36
16.3464818812262 1 0 1 0 36
7.2687441302016 1 0 0 0 36
30.3116080110754 1 1 1 1 19
6.73662933252224 1 1 0 0 19
13.4555570069188 1 0 1 0 30
4.41945945708216 1 0 0 0 30
41.8455119467507 1 1 1 1 37
10.9779888593104 1 1 0 0 37
43.2591012629491 1 1 1 1 37
14.77797971077 1 1 0 0 37
30.8773895838564 1 1 1 1 30
9.57418875400064 1 1 0 0 30
10.518292527727 1 0 1 0 16
3.56387899038314 1 0 0 0 16
29.6279699658634 1 1 1 1 19
7.48631173888255 1 1 0 0 19
12.1645859837528 1 0 1 0 30
2.739141518844 1 0 0 0 30
41.3466219941476 1 1 1 1 37
12.7343260995585 1 1 0 0 37
17.6161746120923 1 0 1 0 37
5.60964142604314 1 0 0 0 37
31.9610183543577 1 1 1 1 19
6.0532580700533 1 1 0 0 19
15.0776987881136 1 0 1 0 33
5.40688772109236 1 0 0 0 33
45.9315339495289 1 1 1 1 38
14.5186125172124 1 1 0 0 38
38.1446034281496 1 1 1 1 33
11.3278583705347 1 1 0 0 33
30.3797643100374 1 1 1 1 19
9.37249614497522 1 1 0 0 19
24.315082893224 1 1 1 1 7
6.10815251495985 1 1 0 0 7
8.80447309136443 1 0 1 0 24
2.95089809770726 1 0 0 0 24
39.7357829408281 1 1 1 1 33
12.1576025366866 1 1 0 0 33
38.056332099501 1 1 1 1 33
13.7351610397985 1 1 0 0 33
42.4151328643051 1 1 1 1 37
15.412548060403 1 1 0 0 37
11.0714926960722 1 0 1 0 15
4.04320280838244 1 0 0 0 15
27.6073446267416 1 1 1 1 19
7.81481078423589 1 1 0 0 19
24.5833143256708 1 1 1 1 1
4.34204509681474 1 1 0 0 1
10.6931283508483 1 0 1 0 43
4.82433873605465 1 0 0 0 43
12.6561443854136 1 0 1 0 34
1.13454071575636 1 0 0 0 34
30.3940063327332 1 1 1 1 19
6.40038034002577 1 1 0 0 19
9.99185407857176 1 0 1 0 19
3.56820181753801 1 0 0 0 19
37.193869251213 1 1 1 1 33
13.1678023879508 1 1 0 0 33
15.4144833529974 1 0 1 0 33
5.27200830184106 1 0 0 0 33
10.7377761123137 1 0 1 0 19
1.19708358218959 1 0 0 0 19
11.338402650696 1 0 1 0 5
3.14908193161231 1 0 0 0 5
17.2896106287266 1 0 1 0 37
5.41411252170887 1 0 0 0 37
33.8575956998601 1 1 1 1 43
8.22255874958761 1 1 0 0 43
37.1042301103413 1 1 1 1 33
10.8865415122981 1 1 0 0 33
9.99513265659732 1 0 1 0 57
4.34157554593562 1 0 0 0 57
29.3685914595624 1 1 1 1 56
8.09450162436378 1 1 0 0 56
10.0904920164272 1 0 1 0 44
1.22978966761195 1 0 0 0 44
28.3642648968266 1 1 1 1 34
8.96783822546125 1 1 0 0 34
9.46136638319265 1 0 1 0 19
3.44783314258609 1 0 0 0 19
28.6729219391571 1 1 1 1 19
8.37300395446762 1 1 0 0 19
39.2428836343145 1 1 1 1 8
11.5415311115076 1 1 0 0 8
32.2961053620138 1 1 1 1 19
8.91885136345495 1 1 0 0 19
15.0367960539627 1 0 1 0 38
5.6875543558269 1 0 0 0 38
29.154884103243 1 1 1 1 19
6.36632485015735 1 1 0 0 19
24.1983576074269 1 1 1 1 21
5.77490486715767 1 1 0 0 21
17.6055600653325 1 0 1 0 38
8.29860434199589 1 0 0 0 38
39.0023184936485 1 1 1 1 37
14.3665496183094 1 1 0 0 37
13.3386768849123 1 0 1 0 52
4.96458810904623 1 0 0 0 52
26.6743480060424 1 1 1 1 50
6.48003629373005 1 1 0 0 50
34.0399408710907 1 1 1 1 36
10.4642251524627 1 1 0 0 36
15.5122066913181 1 0 1 0 30
4.53958744438773 1 0 0 0 30
10.8672956388088 1 0 1 0 24
3.21350013893334 1 0 0 0 24
26.2323683001866 1 1 1 1 1
6.69136754162014 1 1 0 0 1
11.7625569429426 1 0 1 0 23
2.39653245213167 1 0 0 0 23
11.8864172535322 1 0 1 0 12
1.14102823752529 1 0 0 0 12
42.1742189938431 1 1 1 1 37
14.4530093867699 1 1 0 0 37
12.9376549648429 1 0 1 0 19
2.95969436822617 1 0 0 0 19
41.4079840803089 1 1 1 1 37
17.8346227881424 1 1 0 0 37
13.0485614308619 1 0 1 0 30
5.14893402147295 1 0 0 0 30
29.316291543571 1 1 1 1 19
7.92007682928485 1 1 0 0 19
30.1126868469067 1 1 1 1 15
10.203462070297 1 1 0 0 15
8.32992772016073 1 0 1 0 7
3.03366033831614 1 0 0 0 7
5.80790398016547 1 0 1 0 7
1.10909938504524 1 0 0 0 7
9.53615194666338 1 0 1 0 34
4.54575777148306 1 0 0 0 34
29.5612722975335 1 1 1 1 19
7.42168469908808 1 1 0 0 19
13.9429303321004 1 0 1 0 30
4.7185853743726 1 0 0 0 30
8.02334742505855 1 0 1 0 1
2.37885332130917 1 0 0 0 1
13.0247776359396 1 0 1 0 36
3.58778865649355 1 0 0 0 36
11.056605265761 1 0 1 0 7
3.8772561012452 1 0 0 0 7
13.0466854549923 1 0 1 0 19
2.01777638850023 1 0 0 0 19
8.81755018814573 1 0 1 0 19
1.1624680902557 1 0 0 0 19
13.5052204732193 1 0 1 0 43
3.07251394569091 1 0 0 0 43
39.1240567141534 1 1 1 1 37
12.9263048036775 1 1 0 0 37
16.756440038058 1 0 1 0 36
5.17041195258591 1 0 0 0 36
8.62944599219792 1 0 1 0 50
0.310176355105146 1 0 0 0 50
8.12442689386349 1 0 1 0 1
1.82258823270673 1 0 0 0 1
13.4140279893808 1 0 1 0 43
0.739949313999122 1 0 0 0 43
16.2090864047058 1 0 1 0 36
4.26812826516191 1 0 0 0 36
30.5996332317251 1 1 1 1 19
5.63570058066544 1 1 0 0 19
30.3519434146191 1 1 1 1 30
8.18192801797493 1 1 0 0 30
37.9350682945357 1 1 1 1 36
12.2144876426503 1 1 0 0 36
12.0936069184131 1 0 1 0 19
5.09385503153671 1 0 0 0 19
29.0649425764746 1 1 1 1 19
9.40570085210324 1 1 0 0 19
29.7430172077914 1 1 1 1 19
7.02999277710579 1 1 0 0 19
12.298512692399 1 0 1 0 56
4.68315022073624 1 0 0 0 56
31.035877735082 1 1 1 1 19
7.25335174488308 1 1 0 0 19
33.9116183412163 1 1 1 1 52
11.9335127885593 1 1 0 0 52
11.8623005948505 1 0 1 0 34
4.14441988930383 1 0 0 0 34
29.3148471464528 1 1 1 1 19
9.75712973003557 1 1 0 0 19
24.3760762740676 1 1 1 1 39
7.28638608352165 1 1 0 0 39
16.9144785964488 1 0 1 0 38
2.02617321570873 1 0 0 0 38
15.7284747711796 1 0 1 0 37
5.50894950312191 1 0 0 0 37
30.7773959949879 1 1 1 1 34
5.28641618900544 1 1 0 0 34
28.024062629122 1 1 1 1 19
10.4692019000492 1 1 0 0 19
28.4829133509229 1 1 1 1 56
8.5166841937513 1 1 0 0 56
29.4654345313528 1 1 1 1 23
8.19263655024455 1 1 0 0 23
28.6465795302687 1 1 1 1 28
7.8732874724959 1 1 0 0 28
23.5637652944471 1 1 1 1 48
4.94636613668295 1 1 0 0 48
20.3038102530893 1 1 1 1 1
8.05718542306371 1 1 0 0 1
38.9908251898115 1 1 1 1 36
9.20326522792296 1 1 0 0 36
15.1222628190087 1 0 1 0 33
6.45871213675364 1 0 0 0 33
43.5942417734963 1 1 1 1 37
14.9865157155538 1 1 0 0 37
29.2651551611453 1 1 1 1 45
12.3159688683432 1 1 0 0 45
8.5488399853246 1 0 1 0 44
3.01746419844623 1 0 0 0 44
11.563123113315 1 0 1 0 34
2.40029250982423 1 0 0 0 34
37.5201164593943 1 1 1 1 41
9.92371675706966 1 1 0 0 41
34.4774653041814 1 1 1 1 17
9.23375012744994 1 1 0 0 17
17.9942930358631 1 0 1 0 37
5.61266457954617 1 0 0 0 37
7.82718064926683 1 0 1 0 48
0.0765510957748692 1 0 0 0 48
11.8371192783709 1 0 1 0 19
-0.135696897491179 1 0 0 0 19
6.35159560675896 1 0 1 0 48
0.158044515651244 1 0 0 0 48
16.1022212194372 1 0 1 0 37
5.46778686203645 1 0 0 0 37
29.9587037090001 1 1 1 1 20
5.40778087443527 1 1 0 0 20
12.0916066000887 1 0 1 0 19
4.09730479746826 1 0 0 0 19
28.3944342244717 1 1 1 1 19
7.89908739054269 1 1 0 0 19
18.7924652050801 1 0 1 0 37
4.95485454578026 1 0 0 0 37
24.2630030126671 1 1 1 1 7
6.31175031403976 1 1 0 0 7
29.7089725285675 1 1 1 1 19
7.18794516733711 1 1 0 0 19
27.8751294379022 1 1 1 1 10
9.87091740504406 1 1 0 0 10
25.6347297415793 1 1 1 1 24
4.64138734893606 1 1 0 0 24
7.53276180476267 1 0 1 0 1
1.26466696465987 1 0 0 0 1
31.6288371368749 1 1 1 1 54
8.99275133403406 1 1 0 0 54
11.0146525413477 1 0 1 0 30
4.38760524994319 1 0 0 0 30
11.2896818775341 1 0 1 0 19
1.24027767460223 1 0 0 0 19
12.1305207136954 1 0 1 0 19
4.9806198405084 1 0 0 0 19
34.641288840093 1 1 1 1 47
11.1220874801055 1 1 0 0 47
23.6860685272476 1 1 1 1 1
6.21834438227734 1 1 0 0 1
27.0276878272871 1 1 1 1 51
5.18953669211978 1 1 0 0 51
11.0977544851256 1 0 1 0 15
3.1260620210964 1 0 0 0 15
14.5037581674198 1 0 1 0 15
1.45480976679071 1 0 0 0 15
30.0355421257291 1 1 1 1 19
9.11227402369189 1 1 0 0 19
36.6097324906393 1 1 1 1 42
10.2080723097197 1 1 0 0 42
26.2652747960454 1 1 1 1 50
7.22685491381028 1 1 0 0 50
13.735885350459 1 0 1 0 56
3.41267545429971 1 0 0 0 56
14.7363762925012 1 0 1 0 37
7.32927418913353 1 0 0 0 37
15.526446798918 1 0 1 0 36
4.21293221915588 1 0 0 0 36
9.2680782150539 1 0 1 0 1
1.56192407841077 1 0 0 0 1
24.2645054535069 1 1 1 1 21
4.87853042142999 1 1 0 0 21
27.7081507805993 1 1 1 1 50
6.00275129045328 1 1 0 0 50
30.0768945108337 1 1 1 1 19
9.5390615119095 1 1 0 0 19
10.5110071546445 1 0 1 0 50
3.95837546328987 1 0 0 0 50
13.8172813590032 1 0 1 0 33
4.59126784775377 1 0 0 0 33
10.2686086984134 1 0 1 0 40
0.559141787168497 1 0 0 0 40
32.0082399569798 1 1 1 1 19
6.51031749667328 1 1 0 0 19
30.0265086741866 1 1 1 1 19
8.18848036105583 1 1 0 0 19
42.3545142748937 1 1 1 1 37
12.8835430925308 1 1 0 0 37
37.0950896987059 1 1 1 1 36
9.30214315086473 1 1 0 0 36
27.7053183461159 1 1 1 1 34
6.83743150120655 1 1 0 0 34
17.9890699904746 1 0 1 0 38
7.28609001455724 1 0 0 0 38
33.539734254645 1 1 1 1 30
9.26764190481112 1 1 0 0 30
12.0179481381856 1 0 1 0 19
2.48059050851436 1 0 0 0 19
42.2504038068958 1 1 1 1 37
11.1948005868309 1 1 0 0 37
11.8883243016788 1 0 1 0 19
2.06776926790277 1 0 0 0 19
16.1080528463247 1 0 1 0 41
4.15712659015987 1 0 0 0 41
9.21612848755352 1 0 1 0 44
1.64139520211648 1 0 0 0 44
29.2307840327366 1 1 1 1 54
10.1268079019541 1 1 0 0 54
15.6558676642542 1 0 1 0 33
5.1254143893084 1 0 0 0 33
8.74886243414152 1 0 1 0 10
4.98421975697891 1 0 0 0 10
15.5853865960445 1 0 1 0 33
3.30281437493169 1 0 0 0 33
15.1991185627499 1 0 1 0 36
5.4913894843591 1 0 0 0 36
10.0499157864318 1 0 1 0 30
5.5301093578191 1 0 0 0 30
17.404214329939 1 0 1 0 37
6.9017739076423 1 0 0 0 37
11.4655216432217 1 0 1 0 34
2.50110822152718 1 0 0 0 34
8.88332727427498 1 0 1 0 19
1.26927793488798 1 0 0 0 19
24.5166337967375 1 1 1 1 7
7.04731920935389 1 1 0 0 7
27.1327486126202 1 1 1 1 19
9.91892449555544 1 1 0 0 19
45.418131378943 1 1 1 1 38
12.299243872645 1 1 0 0 38
27.9843315721417 1 1 1 1 50
5.85810101802649 1 1 0 0 50
10.9820050504261 1 0 1 0 15
4.48831206631496 1 0 0 0 15
18.8557212029955 1 0 1 0 37
4.1152847426313 1 0 0 0 37
9.60500791521147 1 0 1 0 44
0.570761721661429 1 0 0 0 44
30.2740313342089 1 1 1 1 19
5.76889177795966 1 1 0 0 19
11.641575057379 1 0 1 0 33
6.59240761199958 1 0 0 0 33
32.7439308951843 1 1 1 1 34
7.11961674278999 1 1 0 0 34
43.2588079433197 1 1 1 1 37
13.1705178540982 1 1 0 0 37
14.2430966879162 1 0 1 0 43
4.26711685604204 1 0 0 0 43
11.7663204317189 1 0 1 0 19
0.280793236712978 1 0 0 0 19
14.7447811182371 1 0 1 0 49
2.66375884360476 1 0 0 0 49
40.197611771254 1 1 1 1 37
12.895744812214 1 1 0 0 37
9.11404979730991 1 0 1 0 1
3.27170345632994 1 0 0 0 1
29.643787778915 1 1 1 1 30
8.02719970682887 1 1 0 0 30
11.8954003478292 1 0 1 0 50
4.41787620768056 1 0 0 0 50
33.627511923229 1 1 1 1 43
11.5596651707823 1 1 0 0 43
11.1080896234364 1 0 1 0 46
1.77031024925075 1 0 0 0 46
35.9091469561304 1 1 1 1 42
11.7204996247155 1 1 0 0 42
14.0840214263128 1 0 1 0 55
-0.17171252024783 1 0 0 0 55
31.6811487174049 1 1 1 1 30
9.74184626721623 1 1 0 0 30
27.6208867799767 1 1 1 1 20
5.34767947878915 1 1 0 0 20
30.8424847034536 1 1 1 1 19
6.87196339871403 1 1 0 0 19
28.193411886495 1 1 1 1 27
8.02321988620156 1 1 0 0 27
31.6096335030707 1 1 1 1 19
5.77060490966824 1 1 0 0 19
25.431489548666 1 1 1 1 21
4.52057257030562 1 1 0 0 21
25.6224165776496 1 1 1 1 44
9.1724875758967 1 1 0 0 44
13.0993524902817 1 0 1 0 19
2.48209186016688 1 0 0 0 19
13.0808835293002 1 0 1 0 30
1.9232528273614 1 0 0 0 30
11.2647051826429 1 0 1 0 19
2.69261173906599 1 0 0 0 19
11.7610757245831 1 0 1 0 43
4.52161138037102 1 0 0 0 43
33.4688445309113 1 1 1 1 30
8.17126926923442 1 1 0 0 30
33.3031998460031 1 1 1 1 26
11.6877491985724 1 1 0 0 26
9.60355159946984 1 0 1 0 18
-0.825394487348492 1 0 0 0 18
25.3410193013037 1 1 1 1 1
4.16085238716527 1 1 0 0 1
26.0658691378453 1 1 1 1 27
8.7490863624157 1 1 0 0 27
12.7553331724841 1 0 1 0 1
0.303284159675014 1 0 0 0 1
31.2519338804148 1 1 1 1 19
7.84061187037052 1 1 0 0 19
8.970965278754 1 0 1 0 7
3.55496920492717 1 0 0 0 7
11.7804774919979 1 0 1 0 19
1.62114397739563 1 0 0 0 19
30.6294764698813 1 1 1 1 30
9.78616867121954 1 1 0 0 30
11.4585322076476 1 0 1 0 36
5.80931933312445 1 0 0 0 36
13.1437178326707 1 0 1 0 33
4.54479435530745 1 0 0 0 33
29.5246358375235 1 1 1 1 19
9.8024334244874 1 1 0 0 19
36.7258562547111 1 1 1 1 36
10.9045936674632 1 1 0 0 36
12.3506418349973 1 0 1 0 34
1.80164991511161 1 0 0 0 34
10.8820217391935 1 0 1 0 15
4.84034047501355 1 0 0 0 15
30.7604217496675 1 1 1 1 19
6.16993227880932 1 1 0 0 19
18.5299100434684 1 0 1 0 37
3.36799305341352 1 0 0 0 37
31.1363388861579 1 1 1 1 43
10.9224155028683 1 1 0 0 43
8.82327214473345 1 0 1 0 30
0.624031162542714 1 0 0 0 30
39.8971103105734 1 1 1 1 41
10.1734725693135 1 1 0 0 41
33.7413454725855 1 1 1 1 43
8.97197375728242 1 1 0 0 43
12.0832622560792 1 0 1 0 19
3.97530644306548 1 0 0 0 19
23.6801977583514 1 1 1 1 9
5.58400041091129 1 1 0 0 9
10.8912600430694 1 0 1 0 19
6.80770098329655 1 0 0 0 19
27.6564145901379 1 1 1 1 27
7.40838872565571 1 1 0 0 27
30.8128368013779 1 1 1 1 30
8.47388328145649 1 1 0 0 30
13.4281496419682 1 0 1 0 19
2.34590252583354 1 0 0 0 19
29.8223211178139 1 1 1 1 19
8.50686202529077 1 1 0 0 19
27.796745020419 1 1 1 1 3
9.60794775762232 1 1 0 0 3
40.1622995268088 1 1 1 1 37
16.0255262025796 1 1 0 0 37
43.2414742941889 1 1 1 1 13
15.8992728798073 1 1 0 0 13
9.1794669531268 1 0 1 0 30
4.49203934048679 1 0 0 0 30
39.4035146776761 1 1 1 1 33
9.96503724138826 1 1 0 0 33
30.2081610311482 1 1 1 1 30
9.08951234867369 1 1 0 0 30
10.9109687668285 1 0 1 0 1
0.690472127120966 1 0 0 0 1
8.9763791627593 1 0 1 0 1
3.99597887828501 1 0 0 0 1
34.8644732345971 1 1 1 1 36
12.1008130622091 1 1 0 0 36
18.2623575560512 1 0 1 0 37
3.75234108015899 1 0 0 0 37
11.213594356889 1 0 1 0 43
4.59116066926686 1 0 0 0 43
11.8303778963072 1 0 1 0 19
4.84054971906912 1 0 0 0 19
41.3313954429056 1 1 1 1 37
10.7564766398344 1 1 0 0 37
28.1210100339617 1 1 1 1 29
5.7880970592662 1 1 0 0 29
12.3282893222996 1 0 1 0 43
5.91453123853133 1 0 0 0 43
31.6283391903053 1 1 1 1 43
11.401317632716 1 1 0 0 43
10.6065123444123 1 0 1 0 43
4.79230953333993 1 0 0 0 43
32.3315049319036 1 1 1 1 43
8.16796316974238 1 1 0 0 43
13.549796755377 1 0 1 0 33
4.62216965735776 1 0 0 0 33
42.5433039514164 1 1 1 1 37
13.5734974440638 1 1 0 0 37
10.1549140166065 1 0 1 0 40
1.41830382311608 1 0 0 0 40
