"y" "intercept" "treatment" "time" "treatXtime" "region"
10.5575452933307 1 0 1 0 27
2.36205442248474 1 0 0 0 27
30.2829070690808 1 1 1 1 36
5.41217776801553 1 1 0 0 36
22.5284175385777 1 1 1 1 4
5.87133539425822 1 1 0 0 4
26.2293200804443 1 1 1 1 19
6.96833524548862 1 1 0 0 19
6.71153082152505 1 0 1 0 49
0.262625294643631 1 0 0 0 49
9.03790014117185 1 0 1 0 19
-0.161000923580546 1 0 0 0 19
28.0205004940181 1 1 1 1 19
5.00393053263362 1 1 0 0 19
22.0598589787393 1 1 1 1 1
5.21501554713031 1 1 0 0 1
29.1063565748654 1 1 1 1 30
3.5813715183479 1 1 0 0 30
27.6625598433001 1 1 1 1 19
5.10642988336031 1 1 0 0 19
10.9435412054453 1 0 1 0 43
-0.301303906314652 1 0 0 0 43
8.92465569616601 1 0 1 0 36
5.00548605351614 1 0 0 0 36
10.0285508735819 1 0 1 0 40
1.69760560235869 1 0 0 0 40
24.1848878593249 1 1 1 1 41
5.06180213158645 1 1 0 0 41
25.4927975208741 1 1 1 1 19
4.49305101371001 1 1 0 0 19
23.3490530228929 1 1 1 1 43
6.61495623961899 1 1 0 0 43
33.2768488201147 1 1 1 1 37
6.78038187952561 1 1 0 0 37
24.0277266453523 1 1 1 1 19
3.57258014903547 1 1 0 0 19
8.389469761252 1 0 1 0 19
2.18281605387488 1 0 0 0 19
10.4896084874945 1 0 1 0 43
2.43280695878493 1 0 0 0 43
31.6255395316644 1 1 1 1 37
6.28307551217866 1 1 0 0 37
9.74333738135766 1 0 1 0 7
0.879357671079606 1 0 0 0 7
9.17503621948323 1 0 1 0 43
2.35540198822681 1 0 0 0 43
29.1326264268874 1 1 1 1 30
7.15682997970005 1 1 0 0 30
22.1652301897035 1 1 1 1 31
8.31496822698408 1 1 0 0 31
9.27663067330329 1 0 1 0 30
2.32922722198401 1 0 0 0 30
29.3559573357321 1 1 1 1 30
9.27906964408217 1 1 0 0 30
23.3834843187496 1 1 1 1 43
6.23860661038275 1 1 0 0 43
28.8892587084732 1 1 1 1 37
7.51260386601883 1 1 0 0 37
30.0090741185796 1 1 1 1 19
6.06031239048657 1 1 0 0 19
25.584527766271 1 1 1 1 56
4.27891876606819 1 1 0 0 56
24.5609263258345 1 1 1 1 36
5.77876984655854 1 1 0 0 36
28.8537961684279 1 1 1 1 30
5.4975169660711 1 1 0 0 30
12.0002961036113 1 0 1 0 19
1.1691423283969 1 0 0 0 19
27.9713574216744 1 1 1 1 19
5.3404787430342 1 1 0 0 19
8.44303720408199 1 0 1 0 24
-0.183761473248458 1 0 0 0 24
8.95236296221581 1 0 1 0 19
3.04420441391869 1 0 0 0 19
33.8453855033841 1 1 1 1 37
7.46331917843152 1 1 0 0 37
7.89141804672186 1 0 1 0 19
1.26896150943839 1 0 0 0 19
24.8253371300418 1 1 1 1 15
7.03839085685235 1 1 0 0 15
10.9477922055255 1 0 1 0 19
1.18611629227207 1 0 0 0 19
8.43967724708316 1 0 1 0 19
0.318107109900769 1 0 0 0 19
10.523911068963 1 0 1 0 19
-0.554598734581504 1 0 0 0 19
24.7473960140978 1 1 1 1 19
4.59435531039695 1 1 0 0 19
30.4650726311617 1 1 1 1 33
3.67480028786322 1 1 0 0 33
8.31360421965018 1 0 1 0 13
3.73065280292758 1 0 0 0 13
10.119011479972 1 0 1 0 54
2.01955599994534 1 0 0 0 54
22.8337635973349 1 1 1 1 34
4.64526323538125 1 1 0 0 34
8.37526531605609 1 0 1 0 40
1.11275109854916 1 0 0 0 40
24.5386659565317 1 1 1 1 54
7.32447702665193 1 1 0 0 54
29.790852904966 1 1 1 1 33
6.52262836217212 1 1 0 0 33
25.4389528266762 1 1 1 1 19
3.65323879904459 1 1 0 0 19
9.13139685492689 1 0 1 0 19
2.32836890579366 1 0 0 0 19
6.65554295156776 1 0 1 0 54
4.32203461493249 1 0 0 0 54
8.92371876160741 1 0 1 0 30
4.78258028647308 1 0 0 0 30
23.0181946728784 1 1 1 1 34
4.08645975427495 1 1 0 0 34
8.19715584721219 1 0 1 0 39
2.2865796994916 1 0 0 0 39
8.51342024327404 1 0 1 0 37
3.15716443733513 1 0 0 0 37
8.1727989959949 1 0 1 0 19
-2.00810286833034 1 0 0 0 19
26.0662030252413 1 1 1 1 42
5.76055293339261 1 1 0 0 42
10.2947951462873 1 0 1 0 1
2.84315509810946 1 0 0 0 1
8.53754831118114 1 0 1 0 19
2.14464421022811 1 0 0 0 19
8.42648534142823 1 0 1 0 33
1.90360703066758 1 0 0 0 33
30.5880873598753 1 1 1 1 33
7.18700535507791 1 1 0 0 33
23.329930513971 1 1 1 1 57
6.45464822019557 1 1 0 0 57
12.0536334025746 1 0 1 0 37
1.33353891931854 1 0 0 0 37
9.59535239878518 1 0 1 0 37
2.92867213938514 1 0 0 0 37
24.3137680314946 1 1 1 1 5
6.54136532383952 1 1 0 0 5
8.07430250778213 1 0 1 0 30
1.89158806011068 1 0 0 0 30
25.8238206531788 1 1 1 1 41
3.38528876345052 1 1 0 0 41
8.47750174787952 1 0 1 0 49
1.72245992614662 1 0 0 0 49
8.2819693689602 1 0 1 0 1
2.97331418052553 1 0 0 0 1
29.3687572164347 1 1 1 1 37
8.06557572116694 1 1 0 0 37
25.3017891790651 1 1 1 1 43
9.69940468837076 1 1 0 0 43
9.03244695850769 1 0 1 0 20
1.39684451067449 1 0 0 0 20
9.46568640084555 1 0 1 0 50
3.07848060743125 1 0 0 0 50
11.1337631410006 1 0 1 0 19
2.98185131130879 1 0 0 0 19
26.7144669586587 1 1 1 1 19
6.07511534246716 1 1 0 0 19
29.6718286240158 1 1 1 1 19
6.51808810300967 1 1 0 0 19
29.3591762112029 1 1 1 1 30
4.29372009021602 1 1 0 0 30
10.8696551465971 1 0 1 0 30
2.00226245922529 1 0 0 0 30
9.75440088694588 1 0 1 0 33
-0.637975998627496 1 0 0 0 33
7.97232109479161 1 0 1 0 1
1.43105133822386 1 0 0 0 1
26.3450919907199 1 1 1 1 19
6.38111038028392 1 1 0 0 19
24.5478847965871 1 1 1 1 3
5.86702550241978 1 1 0 0 3
25.5683785927741 1 1 1 1 19
5.30430528847294 1 1 0 0 19
24.4890074798525 1 1 1 1 19
5.01191102377819 1 1 0 0 19
9.08005726050925 1 0 1 0 50
-0.0108912051287575 1 0 0 0 50
27.0322645832896 1 1 1 1 19
4.59859485918222 1 1 0 0 19
6.6951851592746 1 0 1 0 43
2.30663122345793 1 0 0 0 43
6.31827656242176 1 0 1 0 40
6.03080911694215 1 0 0 0 40
11.8787841188082 1 0 1 0 36
1.82484288874968 1 0 0 0 36
5.12574024925442 1 0 1 0 34
1.5386838258038 1 0 0 0 34
24.7606907883346 1 1 1 1 36
8.97421588517525 1 1 0 0 36
26.7143017891613 1 1 1 1 35
7.79662037233395 1 1 0 0 35
8.66475101989532 1 0 1 0 30
3.62669640610133 1 0 0 0 30
9.01525906965618 1 0 1 0 30
2.95158328171088 1 0 0 0 30
8.94589266465404 1 0 1 0 43
-0.109575995688802 1 0 0 0 43
8.4863018157799 1 0 1 0 37
0.786411720165572 1 0 0 0 37
25.4273314069639 1 1 1 1 19
6.13461324121644 1 1 0 0 19
7.81519205330221 1 0 1 0 36
3.14060412970321 1 0 0 0 36
25.3276548137214 1 1 1 1 12
3.86990588868765 1 1 0 0 12
8.91387319844226 1 0 1 0 38
2.27823797800152 1 0 0 0 38
25.2439373228156 1 1 1 1 41
3.36741602331271 1 1 0 0 41
11.5823144533676 1 0 1 0 57
0.0626048010718467 1 0 0 0 57
26.6105588184987 1 1 1 1 38
5.43199062041447 1 1 0 0 38
10.0695076436114 1 0 1 0 19
2.24895369128035 1 0 0 0 19
24.8931268435608 1 1 1 1 48
7.68455917403528 1 1 0 0 48
33.657867067639 1 1 1 1 37
5.04513132024712 1 1 0 0 37
9.59024178300152 1 0 1 0 1
1.74585119156884 1 0 0 0 1
6.21960055882707 1 0 1 0 19
2.23208600221889 1 0 0 0 19
28.3931016071102 1 1 1 1 36
6.41892284826079 1 1 0 0 36
10.6942740729934 1 0 1 0 57
2.02020397723664 1 0 0 0 57
8.66055882689915 1 0 1 0 37
3.21591818506885 1 0 0 0 37
8.61066165417484 1 0 1 0 42
3.83918234656552 1 0 0 0 42
11.20969764013 1 0 1 0 56
-0.956660052186267 1 0 0 0 56
31.1656382125902 1 1 1 1 33
6.17668870069439 1 1 0 0 33
8.90424387739297 1 0 1 0 36
2.33938479121869 1 0 0 0 36
31.4595993153301 1 1 1 1 37
5.78831455090021 1 1 0 0 37
8.40777864963315 1 0 1 0 43
3.08913211918208 1 0 0 0 43
25.307216384784 1 1 1 1 41
9.0732622135022 1 1 0 0 41
25.2679797078748 1 1 1 1 41
5.13697809178483 1 1 0 0 41
8.78957592416562 1 0 1 0 58
3.43923525217782 1 0 0 0 58
26.5244190298685 1 1 1 1 19
7.07560477214781 1 1 0 0 19
9.87585001632444 1 0 1 0 38
1.57509525737224 1 0 0 0 38
28.1744447906463 1 1 1 1 30
6.60206939948423 1 1 0 0 30
8.79297005111933 1 0 1 0 28
2.01028679878587 1 0 0 0 28
8.68211955330681 1 0 1 0 44
1.39608911573225 1 0 0 0 44
8.95073217431009 1 0 1 0 43
2.52990361639006 1 0 0 0 43
25.5517616436499 1 1 1 1 44
3.82346790097746 1 1 0 0 44
8.89440203356741 1 0 1 0 34
2.01740365898449 1 0 0 0 34
29.3084163420187 1 1 1 1 19
5.0303868013331 1 1 0 0 19
23.8441077875413 1 1 1 1 43
5.88335082649886 1 1 0 0 43
30.1547387773916 1 1 1 1 30
5.63022349918762 1 1 0 0 30
22.5298654150994 1 1 1 1 39
3.87842827991991 1 1 0 0 39
27.3529647671152 1 1 1 1 19
6.27812105955795 1 1 0 0 19
9.2997590995009 1 0 1 0 36
1.1235289273979 1 0 0 0 36
23.6457150648388 1 1 1 1 34
8.31928286028409 1 1 0 0 34
25.8452778858926 1 1 1 1 19
3.34864401372928 1 1 0 0 19
7.52211341176964 1 0 1 0 19
1.34314149132098 1 0 0 0 19
9.23391696330179 1 0 1 0 19
1.6231694772748 1 0 0 0 19
31.0374532136886 1 1 1 1 37
4.21197057364342 1 1 0 0 37
28.2924006315307 1 1 1 1 30
6.21928171088106 1 1 0 0 30
9.68980435803778 1 0 1 0 19
3.10497369527482 1 0 0 0 19
30.352347726784 1 1 1 1 38
4.2623558992355 1 1 0 0 38
10.2034401390335 1 0 1 0 10
3.69966637243461 1 0 0 0 10
9.89270952524841 1 0 1 0 42
1.07474815693007 1 0 0 0 42
32.5608595204036 1 1 1 1 37
6.52599904083265 1 1 0 0 37
30.0394974366543 1 1 1 1 30
5.96035276635038 1 1 0 0 30
9.51547428419614 1 0 1 0 49
2.93459343114377 1 0 0 0 49
27.983880343016 1 1 1 1 19
6.06311649735197 1 1 0 0 19
23.6347780024219 1 1 1 1 34
8.20457370625606 1 1 0 0 34
9.91812056273734 1 0 1 0 30
-0.998889623315653 1 0 0 0 30
26.0437302537202 1 1 1 1 19
8.21764079475522 1 1 0 0 19
25.7104260293591 1 1 1 1 19
6.57577669638481 1 1 0 0 19
28.7874652746419 1 1 1 1 38
4.45756628091246 1 1 0 0 38
31.3432405159463 1 1 1 1 37
5.96681158588005 1 1 0 0 37
32.5624715572931 1 1 1 1 37
5.46471875999751 1 1 0 0 37
21.7693939205015 1 1 1 1 49
8.17844066844683 1 1 0 0 49
26.0671996021529 1 1 1 1 19
5.02249287931737 1 1 0 0 19
27.6093131783966 1 1 1 1 19
6.16358831829025 1 1 0 0 19
22.7633497156264 1 1 1 1 31
5.30200718342018 1 1 0 0 31
22.1094360029211 1 1 1 1 34
4.94200933940492 1 1 0 0 34
8.79017329329823 1 0 1 0 19
0.0634174066743638 1 0 0 0 19
9.63403971687228 1 0 1 0 1
1.67068708601437 1 0 0 0 1
28.5250868728279 1 1 1 1 38
3.76909043393376 1 1 0 0 38
27.4791935251478 1 1 1 1 19
4.69730605722644 1 1 0 0 19
24.8177027664426 1 1 1 1 1
6.9667043778177 1 1 0 0 1
8.25408896316631 1 0 1 0 37
4.24027190986695 1 0 0 0 37
8.0526793221242 1 0 1 0 19
2.40307658522499 1 0 0 0 19
6.22881232972515 1 0 1 0 33
2.58256894531613 1 0 0 0 33
7.18894422659849 1 0 1 0 37
2.03915841799852 1 0 0 0 37
21.729416203579 1 1 1 1 1
7.01067769803099 1 1 0 0 1
24.8017020479939 1 1 1 1 41
3.94277032280193 1 1 0 0 41
9.01651089094634 1 0 1 0 37
1.11918393729243 1 0 0 0 37
7.03696170090276 1 0 1 0 30
-0.848524657583859 1 0 0 0 30
26.3178534029907 1 1 1 1 19
8.15627007743524 1 1 0 0 19
25.136609361319 1 1 1 1 56
6.30777061762072 1 1 0 0 56
21.4674908860044 1 1 1 1 43
6.58912428053378 1 1 0 0 43
8.19923683315588 1 0 1 0 7
1.43197337278718 1 0 0 0 7
9.74523653834047 1 0 1 0 54
5.13159688978427 1 0 0 0 54
22.9765638145016 1 1 1 1 49
2.60872269791901 1 1 0 0 49
7.88501164185873 1 0 1 0 39
3.20498293127366 1 0 0 0 39
25.6025645995184 1 1 1 1 19
5.11644679516913 1 1 0 0 19
10.6047932481881 1 0 1 0 37
3.6529148359251 1 0 0 0 37
7.05034253090996 1 0 1 0 29
-2.25105356953731 1 0 0 0 29
5.13076518053931 1 0 1 0 33
2.06254273445548 1 0 0 0 33
6.76358916731562 1 0 1 0 19
1.82653482559563 1 0 0 0 19
7.56692604687794 1 0 1 0 19
2.36843430850109 1 0 0 0 19
9.63410422886326 1 0 1 0 19
4.19312672411228 1 0 0 0 19
10.4040877693972 1 0 1 0 19
1.31320893675351 1 0 0 0 19
26.8469332423194 1 1 1 1 22
5.97498945820262 1 1 0 0 22
9.37046885418548 1 0 1 0 12
3.73773607201904 1 0 0 0 12
9.34741006615985 1 0 1 0 37
2.86480174352532 1 0 0 0 37
8.59041663923293 1 0 1 0 53
0.846164896186971 1 0 0 0 53
7.89407343622972 1 0 1 0 19
1.4147429521923 1 0 0 0 19
29.5913879002866 1 1 1 1 38
5.60828686195131 1 1 0 0 38
28.4010707577427 1 1 1 1 38
5.52971293725683 1 1 0 0 38
7.60905196696136 1 0 1 0 48
3.01224079463756 1 0 0 0 48
8.51055333353389 1 0 1 0 10
4.20371572570853 1 0 0 0 10
24.8721962803452 1 1 1 1 34
5.10431325379548 1 1 0 0 34
20.591619826913 1 1 1 1 55
5.93157070735863 1 1 0 0 55
8.51705013034762 1 0 1 0 30
1.81571920636076 1 0 0 0 30
26.5306619068956 1 1 1 1 30
5.55091089744302 1 1 0 0 30
20.7591346554557 1 1 1 1 4
6.23272806007342 1 1 0 0 4
18.8935301928601 1 1 1 1 6
7.09307647676829 1 1 0 0 6
8.64517099093591 1 0 1 0 43
5.39764094449813 1 0 0 0 43
23.8159387155528 1 1 1 1 1
5.54879735961964 1 1 0 0 1
8.5726574264388 1 0 1 0 1
0.0743692360507178 1 0 0 0 1
5.2529626721749 1 0 1 0 49
2.0956215309844 1 0 0 0 49
10.6608102693425 1 0 1 0 1
4.43558466000315 1 0 0 0 1
8.02380698179431 1 0 1 0 57
3.64634699198044 1 0 0 0 57
10.5146736256319 1 0 1 0 44
3.32493941985225 1 0 0 0 44
27.6917628025789 1 1 1 1 19
5.67422011522639 1 1 0 0 19
8.935957578073 1 0 1 0 37
2.37607517922524 1 0 0 0 37
28.1535281992211 1 1 1 1 44
7.63774944378256 1 1 0 0 44
7.95267128086267 1 0 1 0 34
2.18376016260291 1 0 0 0 34
27.679240034159 1 1 1 1 19
6.2131880294194 1 1 0 0 19
7.03941591099754 1 0 1 0 19
1.81516340864242 1 0 0 0 19
27.2382656657544 1 1 1 1 15
5.24930217471148 1 1 0 0 15
9.65886266390393 1 0 1 0 21
2.49790705260274 1 0 0 0 21
10.6183623730153 1 0 1 0 56
2.81767279706503 1 0 0 0 56
8.26909575244867 1 0 1 0 19
2.54618853567475 1 0 0 0 19
23.68810356336 1 1 1 1 43
6.7427316526564 1 1 0 0 43
8.47965479819395 1 0 1 0 37
1.56616399979254 1 0 0 0 37
28.6453225804063 1 1 1 1 30
7.86068132783614 1 1 0 0 30
26.9086289679281 1 1 1 1 24
6.08089216709441 1 1 0 0 24
7.81840847786335 1 0 1 0 29
4.83333243912904 1 0 0 0 29
25.2413581482035 1 1 1 1 36
4.55078995928656 1 1 0 0 36
29.8775771851405 1 1 1 1 38
4.52893535404572 1 1 0 0 38
9.53376115091718 1 0 1 0 34
3.13193221396515 1 0 0 0 34
7.39822363574326 1 0 1 0 40
2.2615528444525 1 0 0 0 40
27.8610641575972 1 1 1 1 36
4.08867259650062 1 1 0 0 36
28.9603300554091 1 1 1 1 30
7.71044477382745 1 1 0 0 30
7.10529161665074 1 0 1 0 33
1.65066500011375 1 0 0 0 33
28.8367576715992 1 1 1 1 19
5.76070855822705 1 1 0 0 19
28.4664715230443 1 1 1 1 19
5.87593043474873 1 1 0 0 19
28.4011887236626 1 1 1 1 36
6.99766901189842 1 1 0 0 36
28.9336925518474 1 1 1 1 19
5.53879797740837 1 1 0 0 19
7.39993623319278 1 0 1 0 19
1.89871513046194 1 0 0 0 19
28.8949092470329 1 1 1 1 36
5.80314380790361 1 1 0 0 36
8.82728120661167 1 0 1 0 51
0.997453788116273 1 0 0 0 51
24.0604016951411 1 1 1 1 32
6.89155655351776 1 1 0 0 32
9.62155562199619 1 0 1 0 19
0.77488859740961 1 0 0 0 19
25.7167173783885 1 1 1 1 24
4.72934211866036 1 1 0 0 24
24.6151007170455 1 1 1 1 45
4.8633851398841 1 1 0 0 45
27.3591812997047 1 1 1 1 10
4.94941694052965 1 1 0 0 10
28.3499496348385 1 1 1 1 19
6.72773532134271 1 1 0 0 19
10.3000375627492 1 0 1 0 34
0.21791383015638 1 0 0 0 34
8.88305103531328 1 0 1 0 15
3.50620297513975 1 0 0 0 15
24.7180529363223 1 1 1 1 39
7.13373009527425 1 1 0 0 39
27.4967037264666 1 1 1 1 19
5.6625507828588 1 1 0 0 19
29.3746318924525 1 1 1 1 38
7.57069561695865 1 1 0 0 38
26.8646217851695 1 1 1 1 44
4.93900909780418 1 1 0 0 44
7.62548330967917 1 0 1 0 37
1.56878247573233 1 0 0 0 37
26.3957387952795 1 1 1 1 19
6.96550776481984 1 1 0 0 19
9.4959314672987 1 0 1 0 37
1.39187283960627 1 0 0 0 37
25.8621820772132 1 1 1 1 10
6.90264826675046 1 1 0 0 10
8.45461753228962 1 0 1 0 19
1.86039550808391 1 0 0 0 19
25.6492065420321 1 1 1 1 36
6.59107188333018 1 1 0 0 36
10.5805878771216 1 0 1 0 19
3.20948386015664 1 0 0 0 19
31.1833482850303 1 1 1 1 37
7.98081201205386 1 1 0 0 37
9.93016572376295 1 0 1 0 57
2.23581778277374 1 0 0 0 57
23.0743437974304 1 1 1 1 34
7.14552518857199 1 1 0 0 34
10.5413375019789 1 0 1 0 19
2.35663298015752 1 0 0 0 19
25.9845277813581 1 1 1 1 19
5.12388401109459 1 1 0 0 19
10.4775993213331 1 0 1 0 4
0.918901990214859 1 0 0 0 4
27.6357321459149 1 1 1 1 30
6.46937579023546 1 1 0 0 30
7.62545588111977 1 0 1 0 19
1.08828761367585 1 0 0 0 19
8.89818948250515 1 0 1 0 7
3.86782461415739 1 0 0 0 7
9.44463114614253 1 0 1 0 19
1.07250136482741 1 0 0 0 19
29.2769070541048 1 1 1 1 10
5.87640659883838 1 1 0 0 10
33.7128824806382 1 1 1 1 37
5.22018435198077 1 1 0 0 37
9.42321696818512 1 0 1 0 36
2.30242525219678 1 0 0 0 36
25.9204469395426 1 1 1 1 39
7.27463032910736 1 1 0 0 39
11.6933837633003 1 0 1 0 1
2.74879062550345 1 0 0 0 1
9.1459081600557 1 0 1 0 30
2.45817307378613 1 0 0 0 30
28.7976689119934 1 1 1 1 30
4.90961001687744 1 1 0 0 30
26.8163052051303 1 1 1 1 10
5.95674186322562 1 1 0 0 10
27.3379899822289 1 1 1 1 19
7.5099275017021 1 1 0 0 19
23.5550111646614 1 1 1 1 57
8.24604150147284 1 1 0 0 57
27.4103426891296 1 1 1 1 38
2.59207362358752 1 1 0 0 38
7.88318044128073 1 0 1 0 56
2.46054929359188 1 0 0 0 56
8.53831479449539 1 0 1 0 30
1.49050614998818 1 0 0 0 30
10.1439270906034 1 0 1 0 43
3.1452137053415 1 0 0 0 43
10.7887465427137 1 0 1 0 37
2.97957495858838 1 0 0 0 37
10.0802254281113 1 0 1 0 37
4.69163023023432 1 0 0 0 37
28.3836625208796 1 1 1 1 30
8.42091588877309 1 1 0 0 30
26.8157606620977 1 1 1 1 19
7.21335573537945 1 1 0 0 19
9.7306673555868 1 0 1 0 43
0.5001747591643 1 0 0 0 43
24.3642257622107 1 1 1 1 43
4.9489260641139 1 1 0 0 43
8.6781007670317 1 0 1 0 15
-0.932523144915024 1 0 0 0 15
28.2775364868771 1 1 1 1 19
8.33078627621941 1 1 0 0 19
24.3974576074341 1 1 1 1 50
6.67893141351621 1 1 0 0 50
9.42380327947074 1 0 1 0 43
1.52871465907983 1 0 0 0 43
9.61714268593563 1 0 1 0 56
3.53537134700305 1 0 0 0 56
10.0082416874323 1 0 1 0 54
-0.266796803009879 1 0 0 0 54
23.7749525485222 1 1 1 1 7
3.15187453136074 1 1 0 0 7
9.86973875945488 1 0 1 0 19
2.51721720503226 1 0 0 0 19
31.9116495925165 1 1 1 1 37
4.25629189387611 1 1 0 0 37
25.7443695480951 1 1 1 1 43
2.77713247966868 1 1 0 0 43
30.148723028021 1 1 1 1 42
7.57279359043404 1 1 0 0 42
28.5950081198964 1 1 1 1 21
6.74258519103996 1 1 0 0 21
6.57346237701684 1 0 1 0 30
1.48695915919052 1 0 0 0 30
29.3475813773787 1 1 1 1 30
6.2315181649299 1 1 0 0 30
6.29505096155732 1 0 1 0 37
1.33732178977671 1 0 0 0 37
26.2922218830381 1 1 1 1 30
7.106477936884 1 1 0 0 30
32.5319794190215 1 1 1 1 37
6.88522468425782 1 1 0 0 37
7.74109748875237 1 0 1 0 37
1.85369250000368 1 0 0 0 37
8.50247337390562 1 0 1 0 43
4.22930652185736 1 0 0 0 43
9.02322362836729 1 0 1 0 36
5.32336913126911 1 0 0 0 36
24.9109161074571 1 1 1 1 41
5.6791819034646 1 1 0 0 41
28.342886121481 1 1 1 1 19
7.51271240352268 1 1 0 0 19
8.81519145556622 1 0 1 0 43
3.04301244474579 1 0 0 0 43
22.6795915445232 1 1 1 1 57
5.90557892965178 1 1 0 0 57
9.13064220298879 1 0 1 0 42
3.85864406741262 1 0 0 0 42
26.181852107309 1 1 1 1 40
6.17278583850379 1 1 0 0 40
22.7717464286248 1 1 1 1 1
4.34191931197022 1 1 0 0 1
28.398540991094 1 1 1 1 19
6.38952742938959 1 1 0 0 19
23.6373551164384 1 1 1 1 43
6.88820391758142 1 1 0 0 43
9.07039827345232 1 0 1 0 19
3.23936724927738 1 0 0 0 19
9.14489741958507 1 0 1 0 17
-0.311543127635422 1 0 0 0 17
26.6138365449675 1 1 1 1 42
8.19057841879958 1 1 0 0 42
32.0762671750609 1 1 1 1 37
5.69702285815661 1 1 0 0 37
8.47581904676937 1 0 1 0 30
2.48901299253279 1 0 0 0 30
33.4730192177516 1 1 1 1 37
6.9804117519071 1 1 0 0 37
21.965397403271 1 1 1 1 1
6.45285451073627 1 1 0 0 1
8.42046847764931 1 0 1 0 43
1.4706505298651 1 0 0 0 43
10.6172638861433 1 0 1 0 9
1.11712688787779 1 0 0 0 9
29.4625381588828 1 1 1 1 30
5.85841688887597 1 1 0 0 30
23.6819870495423 1 1 1 1 34
6.04292557416581 1 1 0 0 34
8.12536731918366 1 0 1 0 54
1.1991897273737 1 0 0 0 54
28.5206741173136 1 1 1 1 44
5.48770186389426 1 1 0 0 44
8.33374410554138 1 0 1 0 51
2.11263308839149 1 0 0 0 51
25.7338366957756 1 1 1 1 36
9.07185377165872 1 1 0 0 36
25.8517574063206 1 1 1 1 19
2.6425835915142 1 1 0 0 19
18.7990026324711 1 1 1 1 29
7.11096542731107 1 1 0 0 29
10.2833327237496 1 0 1 0 19
3.42891271810787 1 0 0 0 19
6.07856944466026 1 0 1 0 50
1.64641518201736 1 0 0 0 50
30.1790942663143 1 1 1 1 33
6.42900497899952 1 1 0 0 33
7.39503932578187 1 0 1 0 34
1.94707410842814 1 0 0 0 34
10.9180966586321 1 0 1 0 1
1.36845152491912 1 0 0 0 1
31.7106731195839 1 1 1 1 37
4.15116924829464 1 1 0 0 37
24.8059299310578 1 1 1 1 43
7.00163962848422 1 1 0 0 43
7.35356587163748 1 0 1 0 33
0.985792972620354 1 0 0 0 33
8.83187158037159 1 0 1 0 41
-0.255018350535456 1 0 0 0 41
27.1938355716747 1 1 1 1 30
5.27977247160754 1 1 0 0 30
8.07048963511206 1 0 1 0 19
1.79901653861393 1 0 0 0 19
30.7250341501509 1 1 1 1 37
5.88785620938758 1 1 0 0 37
7.94375816981008 1 0 1 0 19
1.44071238308632 1 0 0 0 19
27.3497727569975 1 1 1 1 19
3.85707887577325 1 1 0 0 19
9.25401204574793 1 0 1 0 24
2.10289029931731 1 0 0 0 24
22.1992314086265 1 1 1 1 1
6.55456795255129 1 1 0 0 1
11.4871162878551 1 0 1 0 19
1.41280673305738 1 0 0 0 19
26.6180821587109 1 1 1 1 36
4.13291654031403 1 1 0 0 36
7.01610611741434 1 0 1 0 34
1.77300142948259 1 0 0 0 34
26.1232662396294 1 1 1 1 17
4.75359073319931 1 1 0 0 17
8.40550283206294 1 0 1 0 39
2.22762082960697 1 0 0 0 39
8.95625153392364 1 0 1 0 33
1.3362145503516 1 0 0 0 33
31.358241916786 1 1 1 1 37
3.33846613862104 1 1 0 0 37
27.5798513271429 1 1 1 1 19
5.70134582236713 1 1 0 0 19
11.0792531789963 1 0 1 0 30
2.8280806113702 1 0 0 0 30
9.58816654405046 1 0 1 0 54
2.39604404793166 1 0 0 0 54
23.5480822043968 1 1 1 1 51
5.83116347551602 1 1 0 0 51
24.8829375449301 1 1 1 1 34
7.84501898621365 1 1 0 0 34
29.7828405608915 1 1 1 1 30
2.93338476818645 1 1 0 0 30
24.4575534649065 1 1 1 1 41
4.15763856754093 1 1 0 0 41
30.9332069208132 1 1 1 1 33
4.20448703851451 1 1 0 0 33
31.7412303157255 1 1 1 1 30
5.31316019338347 1 1 0 0 30
21.5345920577902 1 1 1 1 57
7.47545749132678 1 1 0 0 57
28.1886242082521 1 1 1 1 35
7.01918487726476 1 1 0 0 35
26.2974289792276 1 1 1 1 24
6.00218034830907 1 1 0 0 24
29.616138035121 1 1 1 1 19
7.1992409702001 1 1 0 0 19
23.3780647020655 1 1 1 1 50
5.89558699466929 1 1 0 0 50
25.8321183892334 1 1 1 1 19
6.51795302410822 1 1 0 0 19
21.6745482187126 1 1 1 1 41
6.4191220159506 1 1 0 0 41
25.3535052798829 1 1 1 1 15
6.96533299484215 1 1 0 0 15
10.214080807416 1 0 1 0 27
2.38048495952466 1 0 0 0 27
8.05224698367991 1 0 1 0 19
1.12026323044514 1 0 0 0 19
29.116699982812 1 1 1 1 24
7.25085930689811 1 1 0 0 24
7.05497312684488 1 0 1 0 50
0.0115431157086765 1 0 0 0 50
28.6771260048842 1 1 1 1 33
4.20493439136166 1 1 0 0 33
32.4622075026208 1 1 1 1 33
5.52034008323395 1 1 0 0 33
9.08197942610842 1 0 1 0 34
0.665573045403818 1 0 0 0 34
9.8897349446799 1 0 1 0 38
2.2241421305101 1 0 0 0 38
28.1217629104655 1 1 1 1 19
6.8710435242027 1 1 0 0 19
28.1394851648696 1 1 1 1 19
5.75872945575268 1 1 0 0 19
24.7400144327194 1 1 1 1 36
6.19807014792907 1 1 0 0 36
26.2640604746552 1 1 1 1 36
7.7449696059984 1 1 0 0 36
8.32888964393891 1 0 1 0 20
4.18932379246273 1 0 0 0 20
10.2870999125357 1 0 1 0 43
2.31357124141168 1 0 0 0 43
29.8368939944393 1 1 1 1 30
5.97826383304883 1 1 0 0 30
31.3190890917195 1 1 1 1 33
5.61231294646739 1 1 0 0 33
33.8617544126738 1 1 1 1 37
4.92061178438049 1 1 0 0 37
10.2864796940348 1 0 1 0 19
-1.41824620366669 1 0 0 0 19
11.4844247340368 1 0 1 0 15
1.29124931581515 1 0 0 0 15
25.819578794135 1 1 1 1 27
4.4752046562793 1 1 0 0 27
8.56213393898577 1 0 1 0 37
3.77532698107157 1 0 0 0 37
29.8681201212159 1 1 1 1 19
5.31462027185391 1 1 0 0 19
28.6844009978132 1 1 1 1 37
5.76168796929088 1 1 0 0 37
8.19210830257555 1 0 1 0 36
0.604429021399979 1 0 0 0 36
24.6738331881233 1 1 1 1 34
7.02180909829958 1 1 0 0 34
9.61499996520923 1 0 1 0 50
-1.01475250993 1 0 0 0 50
9.31794362080496 1 0 1 0 19
2.19601526939477 1 0 0 0 19
5.83342362006545 1 0 1 0 30
1.23242756084589 1 0 0 0 30
9.49436949032546 1 0 1 0 3
3.16878711789465 1 0 0 0 3
23.9826928359982 1 1 1 1 21
4.06646160306377 1 1 0 0 21
7.85777665696436 1 0 1 0 19
1.90488909893853 1 0 0 0 19
10.466969006474 1 0 1 0 38
1.0864756612842 1 0 0 0 38
24.7269972530081 1 1 1 1 50
8.54998613942709 1 1 0 0 50
29.2354651827198 1 1 1 1 30
6.2300572989611 1 1 0 0 30
7.23416462789287 1 0 1 0 13
4.7224863006297 1 0 0 0 13
26.3421631222885 1 1 1 1 19
5.06862509538663 1 1 0 0 19
24.7555726663764 1 1 1 1 34
5.83809103501567 1 1 0 0 34
9.75115498006393 1 0 1 0 1
2.63172818336318 1 0 0 0 1
29.0414857703353 1 1 1 1 30
5.82132359399515 1 1 0 0 30
32.7631502329902 1 1 1 1 30
6.45240845236937 1 1 0 0 30
27.0929801724959 1 1 1 1 19
8.07691307940487 1 1 0 0 19
8.17789541092242 1 0 1 0 30
2.14310538487651 1 0 0 0 30
25.9766600912628 1 1 1 1 19
5.99994495868821 1 1 0 0 19
27.2694201162361 1 1 1 1 36
3.76944912771784 1 1 0 0 36
25.9476243011573 1 1 1 1 7
5.87658782578993 1 1 0 0 7
10.591351326865 1 0 1 0 16
1.08137460066754 1 0 0 0 16
8.10485321424167 1 0 1 0 38
3.95951506991476 1 0 0 0 38
11.0669209370285 1 0 1 0 19
1.23070247887946 1 0 0 0 19
9.08424301142391 1 0 1 0 34
0.725034310434205 1 0 0 0 34
7.8604369745052 1 0 1 0 50
1.35330221060961 1 0 0 0 50
31.2974194072404 1 1 1 1 37
6.82350160826602 1 1 0 0 37
22.5634422955976 1 1 1 1 19
5.59338893814395 1 1 0 0 19
22.2908347180686 1 1 1 1 43
5.59843493106976 1 1 0 0 43
28.5336675066942 1 1 1 1 19
4.45680285240767 1 1 0 0 19
6.85927747806636 1 0 1 0 10
1.79588635780688 1 0 0 0 10
10.0225142899298 1 0 1 0 41
2.7037330090785 1 0 0 0 41
28.7131123592234 1 1 1 1 37
7.17363310926559 1 1 0 0 37
23.80686901006 1 1 1 1 1
6.69759927964328 1 1 0 0 1
10.3923425971237 1 0 1 0 19
-0.498734329019325 1 0 0 0 19
8.78851139428155 1 0 1 0 19
-2.053472875247 1 0 0 0 19
25.3159690738122 1 1 1 1 36
5.55261449675416 1 1 0 0 36
7.98991485306443 1 0 1 0 38
1.48483712987738 1 0 0 0 38
10.4001353789063 1 0 1 0 37
2.22763512804324 1 0 0 0 37
8.33928225394908 1 0 1 0 19
2.28837196565857 1 0 0 0 19
6.63310830063204 1 0 1 0 7
1.0749475300981 1 0 0 0 7
31.8132364054288 1 1 1 1 37
6.03382198935418 1 1 0 0 37
6.58687319529377 1 0 1 0 19
1.11392766718299 1 0 0 0 19
25.882319711761 1 1 1 1 10
5.37308420070977 1 1 0 0 10
7.83938031544194 1 0 1 0 1
4.04946377666608 1 0 0 0 1
30.8820877929764 1 1 1 1 13
8.05410318936429 1 1 0 0 13
20.5457424688573 1 1 1 1 4
6.12893234953095 1 1 0 0 4
7.77716210932983 1 0 1 0 19
3.62353458544102 1 0 0 0 19
22.5020453918513 1 1 1 1 43
4.69936832236055 1 1 0 0 43
27.9353305076805 1 1 1 1 33
3.58138588096184 1 1 0 0 33
9.29741325033561 1 0 1 0 1
1.15006584318786 1 0 0 0 1
8.72937562920513 1 0 1 0 30
2.40854628518243 1 0 0 0 30
27.6915864799984 1 1 1 1 38
5.04407215202135 1 1 0 0 38
28.4450537111791 1 1 1 1 33
6.35528576819272 1 1 0 0 33
25.7484567295562 1 1 1 1 36
10.0637631057615 1 1 0 0 36
24.7267710137439 1 1 1 1 34
3.60907552618845 1 1 0 0 34
6.6478384837748 1 0 1 0 19
2.08192142614382 1 0 0 0 19
9.70735772694322 1 0 1 0 19
1.66518415684383 1 0 0 0 19
8.38075260840785 1 0 1 0 19
0.0685617601253998 1 0 0 0 19
24.1858078387405 1 1 1 1 50
4.33980816964515 1 1 0 0 50
9.95564111765301 1 0 1 0 19
3.78978919944314 1 0 0 0 19
28.039037108243 1 1 1 1 33
5.93574319177124 1 1 0 0 33
8.3045092875055 1 0 1 0 19
0.247447114717406 1 0 0 0 19
27.8643904681446 1 1 1 1 56
6.29236995924425 1 1 0 0 56
22.9105916257782 1 1 1 1 34
8.21847055395038 1 1 0 0 34
26.6625790486352 1 1 1 1 10
5.59610610049395 1 1 0 0 10
26.684483568035 1 1 1 1 24
6.69414810526164 1 1 0 0 24
24.022949852881 1 1 1 1 19
7.11647083810932 1 1 0 0 19
8.14736254296906 1 0 1 0 43
1.55923326087919 1 0 0 0 43
27.204118474427 1 1 1 1 19
6.18200359424096 1 1 0 0 19
9.74442198988127 1 0 1 0 56
2.03416363846231 1 0 0 0 56
8.3729614427062 1 0 1 0 19
-0.498527399781113 1 0 0 0 19
26.9984797527859 1 1 1 1 22
7.49000861155247 1 1 0 0 22
30.7575760260014 1 1 1 1 37
5.60948766406936 1 1 0 0 37
10.063083338877 1 0 1 0 39
0.900380435299174 1 0 0 0 39
7.91469757687215 1 0 1 0 19
1.25578874063761 1 0 0 0 19
25.0335397633879 1 1 1 1 43
3.79934757619698 1 1 0 0 43
9.49614040398176 1 0 1 0 33
1.78917023615659 1 0 0 0 33
23.4778261527562 1 1 1 1 57
3.85595994293576 1 1 0 0 57
10.2254091800509 1 0 1 0 36
0.731863575938954 1 0 0 0 36
4.7631687879651 1 0 1 0 44
3.43789111130257 1 0 0 0 44
22.9831975190357 1 1 1 1 1
4.95022273134896 1 1 0 0 1
9.45227618315925 1 0 1 0 16
3.09475792513704 1 0 0 0 16
30.553836494715 1 1 1 1 37
6.42958390823201 1 1 0 0 37
31.4088838415268 1 1 1 1 30
4.61780815258361 1 1 0 0 30
8.48518197598377 1 0 1 0 44
1.98021692853932 1 0 0 0 44
7.74822884416589 1 0 1 0 23
3.08950457742055 1 0 0 0 23
11.4014342481867 1 0 1 0 43
5.33068647540077 1 0 0 0 43
9.21334698713748 1 0 1 0 48
1.49036200696809 1 0 0 0 48
8.87849217368302 1 0 1 0 56
2.2309643442073 1 0 0 0 56
22.2083694054996 1 1 1 1 1
6.35640357802713 1 1 0 0 1
8.43604687989695 1 0 1 0 1
3.73493342274486 1 0 0 0 1
27.7356046942318 1 1 1 1 19
7.74900969564546 1 1 0 0 19
27.2700482530015 1 1 1 1 19
6.0326237715481 1 1 0 0 19
9.98449166879853 1 0 1 0 19
0.549851275632644 1 0 0 0 19
22.4567749472617 1 1 1 1 7
3.3996865983783 1 1 0 0 7
12.2003921646406 1 0 1 0 37
2.2675158869602 1 0 0 0 37
23.0459578676012 1 1 1 1 55
5.04135245642688 1 1 0 0 55
24.735257741499 1 1 1 1 27
7.29642956889322 1 1 0 0 27
8.0006632298784 1 0 1 0 19
5.03665735914461 1 0 0 0 19
7.68998847063082 1 0 1 0 19
3.2768263604791 1 0 0 0 19
8.0860525305893 1 0 1 0 19
3.91122863057309 1 0 0 0 19
10.344202385933 1 0 1 0 7
3.04450738273878 1 0 0 0 7
9.36013014565227 1 0 1 0 40
1.55465025653914 1 0 0 0 40
25.8118187243849 1 1 1 1 41
6.54163829676715 1 1 0 0 41
24.0341998286789 1 1 1 1 27
4.71382313988274 1 1 0 0 27
23.5169213155047 1 1 1 1 34
5.63141601864751 1 1 0 0 34
7.93025549973438 1 0 1 0 9
3.28948850391936 1 0 0 0 9
8.11386170562806 1 0 1 0 48
2.75292459635305 1 0 0 0 48
26.2075941274451 1 1 1 1 36
3.36005351224719 1 1 0 0 36
30.8201065161735 1 1 1 1 30
6.91338222082514 1 1 0 0 30
27.3539809732889 1 1 1 1 36
5.66092055273047 1 1 0 0 36
26.9336696264722 1 1 1 1 36
5.9104785404038 1 1 0 0 36
29.1320359066938 1 1 1 1 30
6.62216633039471 1 1 0 0 30
28.8614202143063 1 1 1 1 38
5.5941649904699 1 1 0 0 38
6.54175474161154 1 0 1 0 38
3.94326925632323 1 0 0 0 38
9.10269817171868 1 0 1 0 34
2.78259971489625 1 0 0 0 34
8.233070602673 1 0 1 0 5
0.845451712965408 1 0 0 0 5
11.316234540749 1 0 1 0 24
2.7907598190217 1 0 0 0 24
7.69146318106045 1 0 1 0 37
0.756029529279459 1 0 0 0 37
23.0081464857327 1 1 1 1 7
8.22333556646812 1 1 0 0 7
9.25233291101286 1 0 1 0 36
0.305909005203452 1 0 0 0 36
8.49397683223402 1 0 1 0 10
2.52218157629879 1 0 0 0 10
11.1306653614604 1 0 1 0 37
2.4495995045834 1 0 0 0 37
11.7390742216717 1 0 1 0 19
0.733164881444648 1 0 0 0 19
34.1922093277165 1 1 1 1 37
3.74206643661556 1 1 0 0 37
10.5510725978798 1 0 1 0 41
-0.0258335213078267 1 0 0 0 41
9.53876614436653 1 0 1 0 19
0.232502034554017 1 0 0 0 19
7.17588954572024 1 0 1 0 1
1.8756740266068 1 0 0 0 1
22.9194608852954 1 1 1 1 1
7.03935034183427 1 1 0 0 1
24.084877983245 1 1 1 1 34
6.64900991855945 1 1 0 0 34
31.2723468270494 1 1 1 1 33
7.30963936932965 1 1 0 0 33
28.2643319052141 1 1 1 1 19
4.58640635899875 1 1 0 0 19
9.79265234005596 1 0 1 0 41
3.86263156921296 1 0 0 0 41
26.4511270842057 1 1 1 1 41
5.12051245467357 1 1 0 0 41
8.10520017228002 1 0 1 0 19
4.39342084314854 1 0 0 0 19
6.0523269068426 1 0 1 0 45
0.602431267567086 1 0 0 0 45
24.7040074598421 1 1 1 1 20
3.88495852981768 1 1 0 0 20
6.59867469844498 1 0 1 0 21
1.72198917575946 1 0 0 0 21
21.2570985446156 1 1 1 1 1
8.59975517366003 1 1 0 0 1
10.605576137901 1 0 1 0 16
0.513823616186236 1 0 0 0 16
11.8092148196444 1 0 1 0 29
-0.470292610460341 1 0 0 0 29
10.3001172198118 1 0 1 0 39
2.78346538957945 1 0 0 0 39
29.9872035780494 1 1 1 1 30
7.50368701216193 1 1 0 0 30
28.6007248823441 1 1 1 1 19
4.92284005255946 1 1 0 0 19
9.45403476462429 1 0 1 0 19
3.03634747489945 1 0 0 0 19
25.9244441125249 1 1 1 1 19
6.98169580563519 1 1 0 0 19
9.69020343024735 1 0 1 0 15
2.48488487241172 1 0 0 0 15
28.0940463873138 1 1 1 1 19
6.2214601381344 1 1 0 0 19
30.2038385268054 1 1 1 1 30
5.48217828505032 1 1 0 0 30
33.9581215090292 1 1 1 1 37
7.07979858799687 1 1 0 0 37
8.48420213919524 1 0 1 0 50
3.68706488500631 1 0 0 0 50
23.075221559709 1 1 1 1 7
5.15615894432794 1 1 0 0 7
22.9185279045909 1 1 1 1 7
5.60387614232605 1 1 0 0 7
26.849420449946 1 1 1 1 19
5.74915451470497 1 1 0 0 19
8.8906227989669 1 0 1 0 19
1.4366547961278 1 0 0 0 19
8.28075014289226 1 0 1 0 27
2.71572163790422 1 0 0 0 27
8.56747734351068 1 0 1 0 21
1.4964770720126 1 0 0 0 21
8.71405654459136 1 0 1 0 19
4.1593324708292 1 0 0 0 19
10.3110130711856 1 0 1 0 19
3.69279661265471 1 0 0 0 19
9.02373478004448 1 0 1 0 43
3.14667481369135 1 0 0 0 43
28.6056342097477 1 1 1 1 56
5.85679301729882 1 1 0 0 56
8.045279819353 1 0 1 0 41
4.14076396405325 1 0 0 0 41
22.1812264450951 1 1 1 1 34
4.94740432501061 1 1 0 0 34
8.84630020532184 1 0 1 0 27
-0.0356100632078085 1 0 0 0 27
24.6521036770847 1 1 1 1 41
4.02602471681574 1 1 0 0 41
32.633905864172 1 1 1 1 37
7.22354472039664 1 1 0 0 37
8.16644457540295 1 0 1 0 30
3.67657456134471 1 0 0 0 30
10.4186768094898 1 0 1 0 15
1.03020364821232 1 0 0 0 15
9.42678563730491 1 0 1 0 41
3.8703600580939 1 0 0 0 41
8.88995540458281 1 0 1 0 49
3.61240696043806 1 0 0 0 49
27.2847085953967 1 1 1 1 19
5.61988386458476 1 1 0 0 19
8.31252428040138 1 0 1 0 19
0.322330760155851 1 0 0 0 19
8.27224055174395 1 0 1 0 10
-0.836557401344411 1 0 0 0 10
10.6258071905 1 0 1 0 44
3.65450389607156 1 0 0 0 44
24.9630759786883 1 1 1 1 20
5.19579005677351 1 1 0 0 20
7.30815640368027 1 0 1 0 19
3.61127818462804 1 0 0 0 19
29.6166043414132 1 1 1 1 30
5.90267515053488 1 1 0 0 30
29.6441017498441 1 1 1 1 33
6.43590226680666 1 1 0 0 33
28.4144205435714 1 1 1 1 33
6.16476810534366 1 1 0 0 33
26.0921652043586 1 1 1 1 15
7.22460969250092 1 1 0 0 15
7.30611088871426 1 0 1 0 19
2.41542930596274 1 0 0 0 19
29.1287401549891 1 1 1 1 14
6.81375775842569 1 1 0 0 14
9.54514281803988 1 0 1 0 30
1.85665719740473 1 0 0 0 30
9.39994246805185 1 0 1 0 19
1.16038417570056 1 0 0 0 19
33.5558489124603 1 1 1 1 37
5.88886868130294 1 1 0 0 37
28.0470832612941 1 1 1 1 19
6.11173893057714 1 1 0 0 19
7.02221074901553 1 0 1 0 7
3.22877579651868 1 0 0 0 7
23.3177323605816 1 1 1 1 43
4.71260840784549 1 1 0 0 43
10.1711073989666 1 0 1 0 31
0.0570104587977109 1 0 0 0 31
31.5621129169851 1 1 1 1 37
7.18883205255925 1 1 0 0 37
30.5544995554552 1 1 1 1 37
4.8106712051409 1 1 0 0 37
8.2366202294497 1 0 1 0 57
2.82782593702308 1 0 0 0 57
20.2291137475748 1 1 1 1 9
5.60518390673171 1 1 0 0 9
7.97148572675035 1 0 1 0 41
0.946819632497672 1 0 0 0 41
8.78179293978916 1 0 1 0 19
-0.0385518175856152 1 0 0 0 19
25.0059179677544 1 1 1 1 56
3.84643250913931 1 1 0 0 56
23.2131713406758 1 1 1 1 36
4.49521878991065 1 1 0 0 36
23.4763153949508 1 1 1 1 43
1.96514566415803 1 1 0 0 43
8.14623363970454 1 0 1 0 36
1.48345803660342 1 0 0 0 36
28.5997292053836 1 1 1 1 30
7.28932458456776 1 1 0 0 30
7.60241207778707 1 0 1 0 36
0.977865534261487 1 0 0 0 36
26.8449688524537 1 1 1 1 19
5.96890086706486 1 1 0 0 19
32.6307454679696 1 1 1 1 37
5.22197452448512 1 1 0 0 37
5.60221754206951 1 0 1 0 30
1.10245611602721 1 0 0 0 30
27.8809458759705 1 1 1 1 19
4.59483649248604 1 1 0 0 19
10.0946635304079 1 0 1 0 38
-0.668370782619403 1 0 0 0 38
8.43576518991852 1 0 1 0 37
1.62887697990119 1 0 0 0 37
8.2630988776565 1 0 1 0 23
3.68087612817424 1 0 0 0 23
6.7977151629133 1 0 1 0 41
4.39284381500294 1 0 0 0 41
26.4831640534562 1 1 1 1 36
6.99954536919869 1 1 0 0 36
23.4815526990536 1 1 1 1 43
4.48696754260293 1 1 0 0 43
9.0227534338331 1 0 1 0 19
1.86479059324871 1 0 0 0 19
28.908635845395 1 1 1 1 19
5.00872109811377 1 1 0 0 19
10.4818682159432 1 0 1 0 48
0.449868536790391 1 0 0 0 48
7.44066982427214 1 0 1 0 19
1.22407826630547 1 0 0 0 19
32.0348402418461 1 1 1 1 37
6.08680369542632 1 1 0 0 37
28.0645929786294 1 1 1 1 36
5.43189420074032 1 1 0 0 36
9.522092248075 1 0 1 0 38
3.22735264736849 1 0 0 0 38
7.55122397581652 1 0 1 0 33
4.03386947887958 1 0 0 0 33
31.8921117699313 1 1 1 1 37
6.90978219923318 1 1 0 0 37
26.492406509945 1 1 1 1 27
9.55980314257165 1 1 0 0 27
28.4107316496062 1 1 1 1 19
4.39541913851875 1 1 0 0 19
10.450887563525 1 0 1 0 43
2.90340451322271 1 0 0 0 43
8.62660011775069 1 0 1 0 19
1.71379551881088 1 0 0 0 19
9.84122484425151 1 0 1 0 37
1.94650136444115 1 0 0 0 37
12.6976111992413 1 0 1 0 19
2.00293438033157 1 0 0 0 19
7.50016291632338 1 0 1 0 19
1.68442595490835 1 0 0 0 19
30.4748411943714 1 1 1 1 30
4.76550315564 1 1 0 0 30
10.7147891378059 1 0 1 0 13
2.08856281448251 1 0 0 0 13
30.0998267832999 1 1 1 1 37
6.96741297869915 1 1 0 0 37
26.2906536815182 1 1 1 1 19
6.66566448998728 1 1 0 0 19
9.72750162007991 1 0 1 0 37
0.998393503094378 1 0 0 0 37
23.2446080398434 1 1 1 1 8
5.37409884095434 1 1 0 0 8
8.69356682956233 1 0 1 0 7
1.85482663182523 1 0 0 0 7
23.9828715705828 1 1 1 1 36
7.11009450963686 1 1 0 0 36
9.16139493461539 1 0 1 0 19
5.06745828634704 1 0 0 0 19
6.12793387057106 1 0 1 0 25
3.33659700553984 1 0 0 0 25
28.0744890900364 1 1 1 1 19
8.48479661954267 1 1 0 0 19
21.0757613149837 1 1 1 1 1
7.45018413576148 1 1 0 0 1
22.3885665402472 1 1 1 1 57
5.27473174825642 1 1 0 0 57
8.12239465052027 1 0 1 0 34
2.89335184326063 1 0 0 0 34
8.08571126791207 1 0 1 0 30
2.7837718954807 1 0 0 0 30
25.7599895034775 1 1 1 1 24
8.3777165680709 1 1 0 0 24
25.9234836946087 1 1 1 1 19
6.59551479867965 1 1 0 0 19
28.3150244331294 1 1 1 1 33
3.8227019106882 1 1 0 0 33
9.44707203443306 1 0 1 0 19
2.68970986231969 1 0 0 0 19
26.0800484920339 1 1 1 1 36
3.54657723395191 1 1 0 0 36
10.3323973618104 1 0 1 0 10
2.17211792039787 1 0 0 0 10
6.97092302750291 1 0 1 0 1
1.25361065444623 1 0 0 0 1
6.78419655255079 1 0 1 0 43
2.26055620378 1 0 0 0 43
7.93296167975236 1 0 1 0 15
2.89813757081342 1 0 0 0 15
9.87163182061347 1 0 1 0 19
1.44084841430781 1 0 0 0 19
9.65375694101584 1 0 1 0 34
0.873098498613265 1 0 0 0 34
9.20129104124808 1 0 1 0 19
4.21201810308728 1 0 0 0 19
25.7860102931482 1 1 1 1 36
5.02898142820032 1 1 0 0 36
25.5046333486131 1 1 1 1 19
4.89669266630354 1 1 0 0 19
25.9687622148582 1 1 1 1 19
5.10135157828755 1 1 0 0 19
25.6637714266553 1 1 1 1 36
6.3020326965658 1 1 0 0 36
31.9581362445555 1 1 1 1 13
8.48642458734132 1 1 0 0 13
8.87693396751309 1 0 1 0 19
1.02528460812855 1 0 0 0 19
6.93924333259912 1 0 1 0 54
2.07399586002227 1 0 0 0 54
23.9115028987288 1 1 1 1 5
3.60080617765671 1 1 0 0 5
9.66325486803889 1 0 1 0 33
1.19935186561065 1 0 0 0 33
30.3918774983211 1 1 1 1 19
6.16484994636454 1 1 0 0 19
25.4182645480164 1 1 1 1 19
4.86191593466283 1 1 0 0 19
11.1147791002525 1 0 1 0 38
2.91755994154583 1 0 0 0 38
8.72675630005701 1 0 1 0 34
4.4821262709476 1 0 0 0 34
20.7623004709559 1 1 1 1 31
8.19069628583737 1 1 0 0 31
9.94692652219046 1 0 1 0 52
-0.547169373115315 1 0 0 0 52
26.8384713610168 1 1 1 1 19
4.11712085672448 1 1 0 0 19
7.31433912026242 1 0 1 0 43
1.13454638306436 1 0 0 0 43
26.4122299102996 1 1 1 1 19
3.54737786166583 1 1 0 0 19
24.2274072589561 1 1 1 1 19
5.4624256280629 1 1 0 0 19
8.02044117416125 1 0 1 0 51
-1.36472016400757 1 0 0 0 51
26.7066008597347 1 1 1 1 19
5.00087722193699 1 1 0 0 19
9.24087323177551 1 0 1 0 31
-1.04782623384684 1 0 0 0 31
25.325328717032 1 1 1 1 19
3.3101015240482 1 1 0 0 19
9.75959486287947 1 0 1 0 52
2.09388354940231 1 0 0 0 52
23.1366555262659 1 1 1 1 41
5.47414763888032 1 1 0 0 41
9.17797576355891 1 0 1 0 56
3.59134287325473 1 0 0 0 56
23.5293299470668 1 1 1 1 23
6.1381374429515 1 1 0 0 23
7.74450164579544 1 0 1 0 36
0.930314084782509 1 0 0 0 36
22.3274326169707 1 1 1 1 1
7.87272372552813 1 1 0 0 1
10.968832638428 1 0 1 0 34
2.45153218460518 1 0 0 0 34
8.4818846563234 1 0 1 0 52
2.56061370058308 1 0 0 0 52
24.5049493404218 1 1 1 1 50
5.05491294864141 1 1 0 0 50
8.98823332069768 1 0 1 0 52
1.06991655907665 1 0 0 0 52
8.35751285896908 1 0 1 0 30
1.99920402810786 1 0 0 0 30
33.630282266398 1 1 1 1 33
6.96583667177792 1 1 0 0 33
31.1868255887308 1 1 1 1 33
9.02076081729304 1 1 0 0 33
31.3646557533243 1 1 1 1 37
6.23491250089907 1 1 0 0 37
9.76487180942235 1 0 1 0 33
5.95397745131254 1 0 0 0 33
8.4477911179905 1 0 1 0 36
1.67753666575117 1 0 0 0 36
24.5031851060272 1 1 1 1 54
7.41934687767862 1 1 0 0 54
8.7406198107452 1 0 1 0 50
1.48045171901054 1 0 0 0 50
32.3921402929442 1 1 1 1 37
3.96792728289714 1 1 0 0 37
10.5659386808336 1 0 1 0 19
1.36561594762475 1 0 0 0 19
10.0015130712063 1 0 1 0 33
-0.938978690821788 1 0 0 0 33
20.451022512547 1 1 1 1 58
6.42931964926983 1 1 0 0 58
6.73495313976981 1 0 1 0 21
3.19475588030186 1 0 0 0 21
8.22558278736752 1 0 1 0 36
0.072968681317328 1 0 0 0 36
9.54335860689671 1 0 1 0 36
-0.835045289400171 1 0 0 0 36
10.6756514386693 1 0 1 0 1
1.97644413564998 1 0 0 0 1
24.0939758694049 1 1 1 1 43
7.29981632640497 1 1 0 0 43
22.9949454192077 1 1 1 1 43
2.29987663073895 1 1 0 0 43
28.8062879522924 1 1 1 1 30
4.27551944887219 1 1 0 0 30
24.8973743944324 1 1 1 1 43
7.21323553704148 1 1 0 0 43
7.72356213508103 1 0 1 0 19
3.73172752997596 1 0 0 0 19
23.6789052043304 1 1 1 1 7
6.94825866604492 1 1 0 0 7
9.58180703374778 1 0 1 0 17
0.50210339175442 1 0 0 0 17
9.27855923103443 1 0 1 0 5
1.46310976436425 1 0 0 0 5
9.11402634131945 1 0 1 0 37
1.4233369339512 1 0 0 0 37
10.4945412563421 1 0 1 0 1
0.686101919925944 1 0 0 0 1
23.6320505539438 1 1 1 1 26
7.47162239705398 1 1 0 0 26
9.02241315571799 1 0 1 0 33
1.25596028358478 1 0 0 0 33
12.6702776878124 1 0 1 0 19
4.04640548954486 1 0 0 0 19
10.1366163035602 1 0 1 0 7
0.997553166133985 1 0 0 0 7
10.2874846909393 1 0 1 0 16
4.68574670799433 1 0 0 0 16
20.8126186314546 1 1 1 1 1
4.50390195878742 1 1 0 0 1
9.48372272023283 1 0 1 0 1
2.93019199190821 1 0 0 0 1
9.7885937518438 1 0 1 0 30
4.8729440117141 1 0 0 0 30
7.34546371853739 1 0 1 0 37
2.88774534998353 1 0 0 0 37
26.8908842667137 1 1 1 1 24
5.86609233155914 1 1 0 0 24
27.5951965196814 1 1 1 1 30
4.15668835815303 1 1 0 0 30
26.6880693259343 1 1 1 1 54
6.74986335909819 1 1 0 0 54
24.2411672152452 1 1 1 1 41
7.08089894518052 1 1 0 0 41
9.39520968365957 1 0 1 0 36
2.52772399780055 1 0 0 0 36
7.93570022565873 1 0 1 0 47
3.39107461837648 1 0 0 0 47
7.0399145829901 1 0 1 0 33
1.76440390066171 1 0 0 0 33
8.42168231541651 1 0 1 0 19
3.47625458542709 1 0 0 0 19
26.4960058462043 1 1 1 1 19
5.07664704756506 1 1 0 0 19
9.22244380168715 1 0 1 0 37
-0.505170627010967 1 0 0 0 37
9.10160913128476 1 0 1 0 51
0.39272692157402 1 0 0 0 51
23.658318992815 1 1 1 1 15
4.75400377064553 1 1 0 0 15
6.37420653848516 1 0 1 0 19
2.67407973407261 1 0 0 0 19
34.9403763005761 1 1 1 1 37
5.73914513248423 1 1 0 0 37
9.85835327360834 1 0 1 0 42
2.04241273321055 1 0 0 0 42
21.5105153248546 1 1 1 1 1
4.67931405911472 1 1 0 0 1
28.6232334038643 1 1 1 1 33
8.10389641501121 1 1 0 0 33
25.6086548076396 1 1 1 1 19
6.81476288396647 1 1 0 0 19
9.96801124978997 1 0 1 0 15
1.86762414530985 1 0 0 0 15
20.8795452185545 1 1 1 1 29
7.05015552368624 1 1 0 0 29
9.95943365631592 1 0 1 0 42
2.12337729037916 1 0 0 0 42
10.3895683498425 1 0 1 0 30
0.921595772055904 1 0 0 0 30
5.27509519855046 1 0 1 0 37
1.90947523184773 1 0 0 0 37
22.563437688846 1 1 1 1 1
8.38032950427556 1 1 0 0 1
8.82641404776878 1 0 1 0 1
3.04192372486528 1 0 0 0 1
21.2719195928954 1 1 1 1 43
6.72387212638804 1 1 0 0 43
25.0544889615911 1 1 1 1 7
6.97507650786067 1 1 0 0 7
25.1255137027149 1 1 1 1 56
5.78334837443306 1 1 0 0 56
8.12566716978408 1 0 1 0 33
2.5087301505058 1 0 0 0 33
9.48036443106134 1 0 1 0 33
2.94126075108242 1 0 0 0 33
9.08195541059911 1 0 1 0 43
4.10903520284874 1 0 0 0 43
8.53088345251668 1 0 1 0 33
3.70293914217886 1 0 0 0 33
31.7428246345178 1 1 1 1 13
7.93297282686459 1 1 0 0 13
8.11527672841003 1 0 1 0 37
5.76598948855404 1 0 0 0 37
9.34635263680473 1 0 1 0 1
2.72254895514451 1 0 0 0 1
9.55673991466516 1 0 1 0 19
1.54892592134004 1 0 0 0 19
8.98766306384053 1 0 1 0 34
1.77600714987535 1 0 0 0 34
27.3551278421399 1 1 1 1 19
3.56434437139198 1 1 0 0 19
10.4857797372605 1 0 1 0 10
4.13217208723243 1 0 0 0 10
8.10935233913725 1 0 1 0 37
2.90147140612395 1 0 0 0 37
9.66939485624081 1 0 1 0 19
2.60260606941666 1 0 0 0 19
28.2381842477668 1 1 1 1 19
7.62050465190162 1 1 0 0 19
6.86844438771224 1 0 1 0 33
1.00047482760273 1 0 0 0 33
28.2373463686656 1 1 1 1 30
8.10041261444027 1 1 0 0 30
31.5179742765998 1 1 1 1 37
6.81295410407636 1 1 0 0 37
8.66745147321203 1 0 1 0 34
1.42619421109587 1 0 0 0 34
26.1292942772378 1 1 1 1 36
6.77795135875771 1 1 0 0 36
7.00738869358054 1 0 1 0 30
3.73305378156815 1 0 0 0 30
27.5615819088687 1 1 1 1 38
3.10735128235174 1 1 0 0 38
10.7918756801844 1 0 1 0 3
1.97597975373567 1 0 0 0 3
7.78821933312463 1 0 1 0 37
2.20025621571177 1 0 0 0 37
25.7832254051283 1 1 1 1 39
6.81517730188935 1 1 0 0 39
11.0405319478064 1 0 1 0 49
-0.592914443885954 1 0 0 0 49
33.1823792623077 1 1 1 1 37
5.95017571612113 1 1 0 0 37
9.89127575300619 1 0 1 0 2
2.80931919461226 1 0 0 0 2
24.5876956312199 1 1 1 1 19
4.05420059376873 1 1 0 0 19
26.0833877586175 1 1 1 1 38
7.03817538001208 1 1 0 0 38
9.1501930996269 1 0 1 0 19
1.2040782289035 1 0 0 0 19
23.4065760368004 1 1 1 1 39
6.40015771457003 1 1 0 0 39
7.83927275885567 1 0 1 0 15
2.32535879024198 1 0 0 0 15
20.4018269563142 1 1 1 1 9
7.05264044556463 1 1 0 0 9
10.3842356005081 1 0 1 0 17
3.02463279080974 1 0 0 0 17
33.0983932550679 1 1 1 1 37
5.59348411663743 1 1 0 0 37
31.151853116376 1 1 1 1 33
5.64611050858761 1 1 0 0 33
24.3986384828875 1 1 1 1 7
6.48440773649963 1 1 0 0 7
22.3268447172992 1 1 1 1 34
5.12586346374715 1 1 0 0 34
6.98083365659959 1 0 1 0 19
0.812502519618534 1 0 0 0 19
9.58393275637119 1 0 1 0 43
1.38394894523366 1 0 0 0 43
8.19861813241278 1 0 1 0 19
3.46462425140672 1 0 0 0 19
7.72728221329499 1 0 1 0 19
1.61178140558189 1 0 0 0 19
10.2407691975187 1 0 1 0 43
-0.655668712972684 1 0 0 0 43
10.473120660401 1 0 1 0 39
1.95664709355514 1 0 0 0 39
30.9624958937367 1 1 1 1 37
5.29343914308689 1 1 0 0 37
26.4473509665053 1 1 1 1 19
9.22538740197594 1 1 0 0 19
30.8502675303395 1 1 1 1 37
7.04109388183582 1 1 0 0 37
24.8784225091438 1 1 1 1 36
8.88695299923556 1 1 0 0 36
10.1813888136155 1 0 1 0 34
0.430668135966032 1 0 0 0 34
22.0005260113318 1 1 1 1 39
4.72906287819555 1 1 0 0 39
7.67921331602313 1 0 1 0 19
1.81139540587036 1 0 0 0 19
23.0447656424634 1 1 1 1 23
7.35215814843607 1 1 0 0 23
10.0713439021024 1 0 1 0 1
2.47503945141864 1 0 0 0 1
24.7384145284403 1 1 1 1 15
6.44987150179441 1 1 0 0 15
26.4530745798765 1 1 1 1 19
4.65726340637273 1 1 0 0 19
9.02899834747057 1 0 1 0 36
3.57763238368304 1 0 0 0 36
27.6482578217423 1 1 1 1 21
8.2557245685122 1 1 0 0 21
26.978408370566 1 1 1 1 19
10.6077036791597 1 1 0 0 19
4.94323551716644 1 0 1 0 44
1.25306912378293 1 0 0 0 44
9.08005246958512 1 0 1 0 40
2.83111963777165 1 0 0 0 40
8.70427317191725 1 0 1 0 7
1.73655651516586 1 0 0 0 7
8.33538542932584 1 0 1 0 28
0.643844790149042 1 0 0 0 28
11.1883407938942 1 0 1 0 19
3.76570224558299 1 0 0 0 19
6.93991163271353 1 0 1 0 38
4.45948930733926 1 0 0 0 38
23.4794630126014 1 1 1 1 1
2.10800073823393 1 1 0 0 1
26.6126271938727 1 1 1 1 27
5.09177338909882 1 1 0 0 27
11.8448447430616 1 0 1 0 34
1.28125464640037 1 0 0 0 34
8.81405053255948 1 0 1 0 37
1.42992911359785 1 0 0 0 37
25.8994900915807 1 1 1 1 19
2.94827345188402 1 1 0 0 19
8.39413431605584 1 0 1 0 45
-2.7373747957575 1 0 0 0 45
29.3297702958356 1 1 1 1 19
5.72896256793572 1 1 0 0 19
10.1256896924988 1 0 1 0 37
-0.146878412478433 1 0 0 0 37
9.16083631397115 1 0 1 0 39
1.12680402846333 1 0 0 0 39
7.56206443514253 1 0 1 0 43
4.69748944076241 1 0 0 0 43
8.01879242204746 1 0 1 0 19
2.68963879680865 1 0 0 0 19
24.2730840076783 1 1 1 1 24
3.97060654678013 1 1 0 0 24
30.2574110832155 1 1 1 1 37
6.39806158480916 1 1 0 0 37
22.4795432032799 1 1 1 1 34
8.16483252567477 1 1 0 0 34
26.5386521870416 1 1 1 1 14
4.36190745593172 1 1 0 0 14
29.5108929403437 1 1 1 1 37
7.51150453349918 1 1 0 0 37
30.4869318555754 1 1 1 1 33
3.95313453412027 1 1 0 0 33
7.64351297884596 1 0 1 0 37
3.07414290971624 1 0 0 0 37
7.88117275139136 1 0 1 0 43
1.63850483033053 1 0 0 0 43
27.209405855452 1 1 1 1 15
4.62289061138796 1 1 0 0 15
8.68223418075408 1 0 1 0 43
1.9089899825402 1 0 0 0 43
32.507539530461 1 1 1 1 33
7.49354442509514 1 1 0 0 33
6.78622656707415 1 0 1 0 19
1.44745090305715 1 0 0 0 19
9.38252102241967 1 0 1 0 19
3.14124821965458 1 0 0 0 19
26.9781748169577 1 1 1 1 19
5.33337566036593 1 1 0 0 19
8.82899619595756 1 0 1 0 19
2.40666323598422 1 0 0 0 19
23.4151255242196 1 1 1 1 28
6.60594556854182 1 1 0 0 28
24.9474881666676 1 1 1 1 41
1.74243080070385 1 1 0 0 41
8.77967877235175 1 0 1 0 44
2.39302124653714 1 0 0 0 44
23.7885892070673 1 1 1 1 50
4.56689201437145 1 1 0 0 50
25.4826193114256 1 1 1 1 34
7.30901158762889 1 1 0 0 34
28.7701382764669 1 1 1 1 19
6.92201094321715 1 1 0 0 19
24.0100047756871 1 1 1 1 49
4.97501486680857 1 1 0 0 49
25.8631212124354 1 1 1 1 43
7.62375857703324 1 1 0 0 43
22.3627763168982 1 1 1 1 1
6.53218162515153 1 1 0 0 1
8.92324720758208 1 0 1 0 44
2.54400133420317 1 0 0 0 44
22.9761625987736 1 1 1 1 1
5.92748251138891 1 1 0 0 1
10.9296273645186 1 0 1 0 19
1.49646180690265 1 0 0 0 19
10.962444210589 1 0 1 0 22
2.6065358705356 1 0 0 0 22
7.01392872217157 1 0 1 0 30
1.34862802716884 1 0 0 0 30
23.5827925254595 1 1 1 1 27
7.30467394333418 1 1 0 0 27
9.41444366763533 1 0 1 0 33
3.32375750170214 1 0 0 0 33
29.6741998807903 1 1 1 1 38
7.06690614750584 1 1 0 0 38
10.5722932832041 1 0 1 0 50
1.42444365408408 1 0 0 0 50
12.8537931528003 1 0 1 0 1
3.18951764946847 1 0 0 0 1
7.04149403420853 1 0 1 0 19
0.548199358774428 1 0 0 0 19
27.2878855112995 1 1 1 1 19
7.07991629574509 1 1 0 0 19
22.6738409083382 1 1 1 1 51
6.20232931189874 1 1 0 0 51
8.75081527961558 1 0 1 0 19
0.591605733491247 1 0 0 0 19
27.956915073818 1 1 1 1 30
6.76009321842433 1 1 0 0 30
25.8660418346659 1 1 1 1 19
5.72545340153853 1 1 0 0 19
8.23759954144144 1 0 1 0 37
2.37898090863134 1 0 0 0 37
9.39928187943475 1 0 1 0 33
1.389623264113 1 0 0 0 33
8.67836558659128 1 0 1 0 48
3.60042323139758 1 0 0 0 48
8.55831000150984 1 0 1 0 33
1.72208943380165 1 0 0 0 33
10.7709383963843 1 0 1 0 19
2.73379817893293 1 0 0 0 19
9.94666732828743 1 0 1 0 19
0.275835991707185 1 0 0 0 19
5.91968373845956 1 0 1 0 56
2.01661193188815 1 0 0 0 56
30.6196274055126 1 1 1 1 33
5.67396724909701 1 1 0 0 33
21.8428412168371 1 1 1 1 43
6.29626031247044 1 1 0 0 43
26.2532597406198 1 1 1 1 36
4.87242778494737 1 1 0 0 36
28.8747207021305 1 1 1 1 19
6.8394117631194 1 1 0 0 19
7.54624646514231 1 0 1 0 37
0.447152683527076 1 0 0 0 37
5.96550634268214 1 0 1 0 19
3.76787049120849 1 0 0 0 19
7.51689901301875 1 0 1 0 36
3.55427318318337 1 0 0 0 36
27.3250116705034 1 1 1 1 19
6.81940803195986 1 1 0 0 19
6.08096924272311 1 0 1 0 37
2.45887654201998 1 0 0 0 37
9.16469222294674 1 0 1 0 7
1.81990315300026 1 0 0 0 7
7.51931169063774 1 0 1 0 30
2.2057758625523 1 0 0 0 30
11.7831445200896 1 0 1 0 30
3.06248918329142 1 0 0 0 30
27.1064896797196 1 1 1 1 54
6.38597427008282 1 1 0 0 54
7.87857664034695 1 0 1 0 19
0.433616183752671 1 0 0 0 19
23.1825516779775 1 1 1 1 7
6.9199432720461 1 1 0 0 7
28.5913982074324 1 1 1 1 12
6.22966287257873 1 1 0 0 12
24.1982644107594 1 1 1 1 15
7.4386330048672 1 1 0 0 15
8.60643823977669 1 0 1 0 41
3.69966259228005 1 0 0 0 41
24.022054336524 1 1 1 1 7
6.04500162947582 1 1 0 0 7
8.9637014428843 1 0 1 0 43
1.34063232768645 1 0 0 0 43
10.3453888787412 1 0 1 0 36
0.606682438495092 1 0 0 0 36
7.80838947967592 1 0 1 0 41
4.198809164865 1 0 0 0 41
27.553865946689 1 1 1 1 19
3.23606571043787 1 1 0 0 19
23.3301548543402 1 1 1 1 48
6.10256720323402 1 1 0 0 48
7.043717809515 1 0 1 0 13
1.59470796251391 1 0 0 0 13
7.87480760164733 1 0 1 0 19
2.95106594321121 1 0 0 0 19
10.0636124304544 1 0 1 0 7
3.07608863362416 1 0 0 0 7
27.8048850793252 1 1 1 1 35
4.09932916586516 1 1 0 0 35
27.8369308118307 1 1 1 1 30
8.67246593617624 1 1 0 0 30
31.2996402569842 1 1 1 1 33
7.06917566733883 1 1 0 0 33
8.12322013281988 1 0 1 0 7
2.71201787217755 1 0 0 0 7
8.69861614123773 1 0 1 0 41
3.58853469830715 1 0 0 0 41
28.5099572713379 1 1 1 1 19
5.38179607348693 1 1 0 0 19
7.95055875472187 1 0 1 0 27
3.25010451201655 1 0 0 0 27
23.6691099580289 1 1 1 1 7
5.47744090657231 1 1 0 0 7
26.0371090816037 1 1 1 1 19
7.99999418231655 1 1 0 0 19
25.5776006975386 1 1 1 1 34
5.79729650331235 1 1 0 0 34
8.47885259424832 1 0 1 0 11
1.53465710196981 1 0 0 0 11
11.6744372675658 1 0 1 0 19
4.17072497893725 1 0 0 0 19
25.9063117370293 1 1 1 1 56
6.49373911692509 1 1 0 0 56
26.7040961247995 1 1 1 1 19
8.06519127645124 1 1 0 0 19
6.76768995247709 1 0 1 0 57
3.31384697810975 1 0 0 0 57
25.7050330365498 1 1 1 1 19
5.31308537851496 1 1 0 0 19
11.6354265334191 1 0 1 0 10
2.53714561626472 1 0 0 0 10
22.7366953910969 1 1 1 1 34
6.46617857388936 1 1 0 0 34
26.078528435828 1 1 1 1 56
6.32308025975124 1 1 0 0 56
22.1953521302711 1 1 1 1 50
5.63378568293774 1 1 0 0 50
10.2970632691291 1 0 1 0 9
3.62989309575095 1 0 0 0 9
7.97528844524691 1 0 1 0 36
1.37039152159192 1 0 0 0 36
6.42706889975561 1 0 1 0 37
1.42590172560688 1 0 0 0 37
8.1760505304106 1 0 1 0 19
2.37791332663586 1 0 0 0 19
23.3448619806593 1 1 1 1 34
6.17652267476847 1 1 0 0 34
12.1465623310788 1 0 1 0 19
2.27639138233189 1 0 0 0 19
11.3214481352112 1 0 1 0 21
1.20176780584878 1 0 0 0 21
25.4576138378733 1 1 1 1 34
5.98993163467742 1 1 0 0 34
8.34831949470933 1 0 1 0 21
2.07003175287929 1 0 0 0 21
10.3070172438422 1 0 1 0 1
-1.21985071573352 1 0 0 0 1
27.0890556069138 1 1 1 1 19
6.97294597985303 1 1 0 0 19
6.92922314217192 1 0 1 0 33
1.06506610755627 1 0 0 0 33
7.73797296145003 1 0 1 0 13
-0.0393606328027611 1 0 0 0 13
11.7253035065216 1 0 1 0 19
3.92318658106935 1 0 0 0 19
9.35806420283958 1 0 1 0 30
2.64827258607782 1 0 0 0 30
6.7998433766761 1 0 1 0 19
1.37225823594795 1 0 0 0 19
22.8118061903107 1 1 1 1 1
8.05456576285112 1 1 0 0 1
24.0424653755269 1 1 1 1 15
4.33747989063055 1 1 0 0 15
23.6161855017248 1 1 1 1 1
5.79631737210981 1 1 0 0 1
25.2455853884545 1 1 1 1 10
6.52857644307752 1 1 0 0 10
9.94276352326082 1 0 1 0 37
3.70874999577707 1 0 0 0 37
24.9860914584212 1 1 1 1 23
5.60041801598835 1 1 0 0 23
11.5400738883855 1 0 1 0 37
1.00165207881745 1 0 0 0 37
21.8417190099052 1 1 1 1 1
4.23356617764271 1 1 0 0 1
10.2428570580577 1 0 1 0 49
2.6151903483236 1 0 0 0 49
27.1733822538748 1 1 1 1 15
2.16977588383488 1 1 0 0 15
8.98057481651926 1 0 1 0 30
3.85607144571455 1 0 0 0 30
8.89213459919981 1 0 1 0 19
1.44388631328928 1 0 0 0 19
32.9868495569852 1 1 1 1 37
8.59752464649127 1 1 0 0 37
27.8143752419682 1 1 1 1 19
6.57774700811149 1 1 0 0 19
11.8339131148278 1 0 1 0 30
1.8611883494077 1 0 0 0 30
10.1660996996465 1 0 1 0 28
4.33725300107162 1 0 0 0 28
8.14325987259151 1 0 1 0 37
2.57162350492432 1 0 0 0 37
21.1850494620659 1 1 1 1 1
7.76317018955436 1 1 0 0 1
8.05839912476888 1 0 1 0 1
1.80134806797529 1 0 0 0 1
11.6760839146705 1 0 1 0 38
-0.178649737038516 1 0 0 0 38
28.500565396026 1 1 1 1 19
4.8628997026628 1 1 0 0 19
8.54604888257901 1 0 1 0 19
1.06831310251392 1 0 0 0 19
8.16425029520472 1 0 1 0 43
2.48393379000205 1 0 0 0 43
11.2087676372706 1 0 1 0 19
-0.315058147500616 1 0 0 0 19
10.3579132679566 1 0 1 0 30
2.77492553969994 1 0 0 0 30
7.93147442037321 1 0 1 0 19
1.32361620639342 1 0 0 0 19
30.2531485434214 1 1 1 1 33
3.33016250198603 1 1 0 0 33
10.55350879834 1 0 1 0 13
1.36613470876311 1 0 0 0 13
8.82469252012056 1 0 1 0 12
0.987818187198069 1 0 0 0 12
24.9081888051656 1 1 1 1 19
6.64492841490909 1 1 0 0 19
29.211167956522 1 1 1 1 40
5.98752096107514 1 1 0 0 40
9.01153044764349 1 0 1 0 19
1.83614601814242 1 0 0 0 19
33.7695391684107 1 1 1 1 37
5.81286172418715 1 1 0 0 37
25.6605960161352 1 1 1 1 43
8.54837427310484 1 1 0 0 43
24.5940096243088 1 1 1 1 18
6.00087839272971 1 1 0 0 18
23.6315062959544 1 1 1 1 46
3.48204456140851 1 1 0 0 46
28.7265336185517 1 1 1 1 30
7.75236937416098 1 1 0 0 30
5.92997718809339 1 0 1 0 19
3.00149788263747 1 0 0 0 19
8.35116234573614 1 0 1 0 15
3.770282601373 1 0 0 0 15
8.8959657105577 1 0 1 0 19
0.492256691246222 1 0 0 0 19
29.6160005374266 1 1 1 1 33
5.0715852832284 1 1 0 0 33
32.0204454365179 1 1 1 1 33
6.89043086890208 1 1 0 0 33
8.75788713575421 1 0 1 0 19
1.6877598317774 1 0 0 0 19
25.5184842954703 1 1 1 1 19
6.61094584932486 1 1 0 0 19
8.33061247258923 1 0 1 0 27
-1.2158788284423 1 0 0 0 27
9.92276374850627 1 0 1 0 56
0.609380229386 1 0 0 0 56
9.6703736814926 1 0 1 0 1
0.912156171929056 1 0 0 0 1
8.85253114439264 1 0 1 0 19
4.68256132083166 1 0 0 0 19
29.4668463510612 1 1 1 1 30
6.79494550817602 1 1 0 0 30
26.7244291246681 1 1 1 1 36
4.95731753995192 1 1 0 0 36
8.14175896089036 1 0 1 0 43
-1.01918503688757 1 0 0 0 43
23.0720373227618 1 1 1 1 43
6.2312867312749 1 1 0 0 43
23.0923462660961 1 1 1 1 36
7.11333395099922 1 1 0 0 36
7.12974591872821 1 0 1 0 33
0.841299145669416 1 0 0 0 33
33.6593245355629 1 1 1 1 37
4.34729500512867 1 1 0 0 37
7.49995430448504 1 0 1 0 15
3.39112960073654 1 0 0 0 15
25.2713570784107 1 1 1 1 43
6.36376787242858 1 1 0 0 43
7.59081770434832 1 0 1 0 19
2.5999223540951 1 0 0 0 19
24.171429239496 1 1 1 1 7
6.02531906276374 1 1 0 0 7
7.54020384527949 1 0 1 0 19
2.47711409199266 1 0 0 0 19
9.40723660996364 1 0 1 0 30
3.08725268859538 1 0 0 0 30
25.4463437102393 1 1 1 1 12
9.08173261551688 1 1 0 0 12
27.3491256703994 1 1 1 1 36
4.80865704300601 1 1 0 0 36
