"y" "intercept" "treatment" "time" "treatXtime" "region"
8.20736773926603 1 0 1 0 27
1.67447987261975 1 0 0 0 27
11.2043464376534 1 0 1 0 36
2.09971392341375 1 0 0 0 36
25.1828404685131 1 1 1 1 4
8.42546816480157 1 1 0 0 4
9.65183394962748 1 0 1 0 19
0.210933244786988 1 0 0 0 19
24.0286433814975 1 1 1 1 49
5.36973879765073 1 1 0 0 49
26.7311130793929 1 1 1 1 19
6.50885359415389 1 1 0 0 19
9.56677642084205 1 0 1 0 19
2.15652899800988 1 0 0 0 19
24.2139219287059 1 1 1 1 1
8.52707679284956 1 1 0 0 1
25.7040668983457 1 1 1 1 30
3.21878334509875 1 1 0 0 30
25.9918670280418 1 1 1 1 19
5.33137197901769 1 1 0 0 19
7.4898692327699 1 0 1 0 43
1.69173691943312 1 0 0 0 43
7.54901059414878 1 0 1 0 36
0.969192138041672 1 0 0 0 36
8.11606099039183 1 0 1 0 40
-0.385344555615899 1 0 0 0 40
10.1848098007046 1 0 1 0 41
2.21690234334785 1 0 0 0 41
7.39043130783993 1 0 1 0 19
3.77316206608284 1 0 0 0 19
25.6031114858794 1 1 1 1 43
5.58270590688279 1 1 0 0 43
26.2658988498781 1 1 1 1 37
7.24186828764321 1 1 0 0 37
10.1618911082409 1 0 1 0 19
2.9738843869444 1 0 0 0 19
9.78335785807074 1 0 1 0 19
1.91244361923268 1 0 0 0 19
24.5673034513592 1 1 1 1 43
5.46193275027862 1 1 0 0 43
8.01753596853537 1 0 1 0 37
1.70596056557299 1 0 0 0 37
23.2104593178347 1 1 1 1 7
9.06736694237175 1 1 0 0 7
10.7083162408342 1 0 1 0 43
0.411684609616192 1 0 0 0 43
24.4302348018456 1 1 1 1 30
5.34004966995203 1 1 0 0 30
10.1030372485292 1 0 1 0 31
1.88209833551315 1 0 0 0 31
25.3582464780916 1 1 1 1 30
5.95962879142412 1 1 0 0 30
8.93937201787348 1 0 1 0 30
3.93549591154804 1 0 0 0 30
8.68071161009032 1 0 1 0 43
4.14461329572438 1 0 0 0 43
6.80973277949426 1 0 1 0 37
2.82676869348512 1 0 0 0 37
9.17515635140252 1 0 1 0 19
2.30538749519785 1 0 0 0 19
25.5368913053313 1 1 1 1 56
5.28960735991474 1 1 0 0 56
8.52877359893185 1 0 1 0 36
0.559516878910584 1 0 0 0 36
23.4842583114857 1 1 1 1 30
6.42925432124258 1 1 0 0 30
9.63386434772598 1 0 1 0 19
2.07495929630538 1 0 0 0 19
10.304283161211 1 0 1 0 19
4.89925756642729 1 0 0 0 19
24.305577065415 1 1 1 1 24
2.73434205825893 1 1 0 0 24
26.4223290614956 1 1 1 1 19
4.99703866311064 1 1 0 0 19
24.0270088835623 1 1 1 1 37
7.45037694020662 1 1 0 0 37
8.59727015123069 1 0 1 0 19
0.273644455500578 1 0 0 0 19
9.25640183996668 1 0 1 0 15
1.80357795154223 1 0 0 0 15
9.00815178987566 1 0 1 0 19
2.5448687685894 1 0 0 0 19
24.4758075560095 1 1 1 1 19
6.9112860541905 1 1 0 0 19
8.68818491395491 1 0 1 0 19
2.46921055312036 1 0 0 0 19
10.5511646081357 1 0 1 0 19
2.61543956643091 1 0 0 0 19
24.539063131336 1 1 1 1 33
7.62465931457107 1 1 0 0 33
10.4050266273716 1 0 1 0 13
2.77555041770048 1 0 0 0 13
9.33761765756346 1 0 1 0 54
1.11200671136865 1 0 0 0 54
26.9242531463873 1 1 1 1 34
5.15110475091206 1 1 0 0 34
12.0933559841502 1 0 1 0 40
4.16743873338822 1 0 0 0 40
24.6666693555039 1 1 1 1 54
4.54842164208295 1 1 0 0 54
23.9953334028176 1 1 1 1 33
6.36328842544187 1 1 0 0 33
24.6511249997512 1 1 1 1 19
5.50850054242933 1 1 0 0 19
7.65420811596776 1 0 1 0 19
1.93632118089242 1 0 0 0 19
7.88997745412654 1 0 1 0 54
-0.358826107973788 1 0 0 0 54
8.46227849823512 1 0 1 0 30
3.29965746830862 1 0 0 0 30
8.18633652240905 1 0 1 0 34
2.85979138992961 1 0 0 0 34
22.7119683316085 1 1 1 1 39
5.92142351480309 1 1 0 0 39
9.73455271221113 1 0 1 0 37
2.42589516913042 1 0 0 0 37
9.14944870698541 1 0 1 0 19
1.09390487356061 1 0 0 0 19
23.7983365898319 1 1 1 1 42
4.55166317470978 1 1 0 0 42
9.16637741318604 1 0 1 0 1
0.660068550615637 1 0 0 0 1
8.30624700999544 1 0 1 0 19
1.63783094857538 1 0 0 0 19
27.6076146549438 1 1 1 1 33
5.07800360703448 1 1 0 0 33
9.33288688292576 1 0 1 0 33
2.11025329078713 1 0 0 0 33
23.6397293029546 1 1 1 1 57
5.89915513749714 1 1 0 0 57
11.04290341552 1 0 1 0 37
2.63852315533105 1 0 0 0 37
25.0583121574987 1 1 1 1 37
5.40249924964563 1 1 0 0 37
6.09626993239253 1 0 1 0 5
3.59995243082771 1 0 0 0 5
22.9343430019525 1 1 1 1 30
7.04644380532694 1 1 0 0 30
11.6998801595622 1 0 1 0 41
-0.0419732908640773 1 0 0 0 41
9.9924729249479 1 0 1 0 49
1.62919675446685 1 0 0 0 49
6.77665240813081 1 0 1 0 1
-0.142063538465989 1 0 0 0 1
22.7350858226997 1 1 1 1 37
5.24918479599443 1 1 0 0 37
22.9327654268242 1 1 1 1 43
6.97286123012635 1 1 0 0 43
11.9700025461524 1 0 1 0 20
0.179864045603549 1 0 0 0 20
26.1140309617075 1 1 1 1 50
7.08758996726129 1 1 0 0 50
25.4698053926066 1 1 1 1 19
4.57394012459487 1 1 0 0 19
8.8310685036421 1 0 1 0 19
1.60346111417609 1 0 0 0 19
25.7961874333545 1 1 1 1 19
5.4732920599646 1 1 0 0 19
26.3816490135284 1 1 1 1 30
5.47026267074054 1 1 0 0 30
26.4887588318879 1 1 1 1 30
4.51623964784284 1 1 0 0 30
23.2178713621675 1 1 1 1 33
10.5835226321884 1 1 0 0 33
24.4104743452454 1 1 1 1 1
6.42175750463074 1 1 0 0 1
25.9002454664141 1 1 1 1 19
5.31583087790935 1 1 0 0 19
9.73095331294419 1 0 1 0 3
2.52179463866257 1 0 0 0 3
24.6954059650223 1 1 1 1 19
6.09233829353998 1 1 0 0 19
8.95182162773026 1 0 1 0 19
5.01008554244745 1 0 0 0 19
23.9515924383742 1 1 1 1 50
4.45002721479273 1 1 0 0 50
25.0534408666081 1 1 1 1 19
6.43908608671825 1 1 0 0 19
25.6173374241691 1 1 1 1 43
5.3517735299583 1 1 0 0 43
23.4962297601122 1 1 1 1 40
7.7864136078144 1 1 0 0 40
8.50551967926707 1 0 1 0 36
0.775979971227237 1 0 0 0 36
24.6658502290918 1 1 1 1 34
5.72115117603923 1 1 0 0 34
10.5696643268661 1 0 1 0 36
2.11983662786405 1 0 0 0 36
26.0663930897667 1 1 1 1 35
5.29389445773037 1 1 0 0 35
9.3032714651976 1 0 1 0 30
1.54082478045819 1 0 0 0 30
25.1337613083202 1 1 1 1 30
4.73376499589624 1 1 0 0 30
7.14624669398813 1 0 1 0 43
4.82448625566365 1 0 0 0 43
25.8495305654747 1 1 1 1 37
4.23043507018095 1 1 0 0 37
24.1356808717704 1 1 1 1 19
4.32347798643928 1 1 0 0 19
28.1095874164777 1 1 1 1 36
7.85603223070671 1 1 0 0 36
24.6250282648238 1 1 1 1 12
6.76819240556652 1 1 0 0 12
8.41403482622019 1 0 1 0 38
1.32648518259658 1 0 0 0 38
23.8847471713863 1 1 1 1 41
5.15908419593753 1 1 0 0 41
11.3347357305306 1 0 1 0 57
1.92359269275458 1 0 0 0 57
25.1686382306043 1 1 1 1 38
6.34462606791887 1 1 0 0 38
26.7429841026517 1 1 1 1 19
5.27017553122768 1 1 0 0 19
23.5963829271633 1 1 1 1 48
8.36979332823158 1 1 0 0 48
8.3761009954324 1 0 1 0 37
0.977430298820574 1 0 0 0 37
23.251645788478 1 1 1 1 1
4.18313760170422 1 1 0 0 1
8.18827892113431 1 0 1 0 19
2.87396392399112 1 0 0 0 19
26.5695622902489 1 1 1 1 36
7.00068104657154 1 1 0 0 36
24.485710918392 1 1 1 1 57
6.08449917180025 1 1 0 0 57
8.00355012506352 1 0 1 0 37
0.985700348721737 1 0 0 0 37
26.2510847336133 1 1 1 1 42
4.5637352014934 1 1 0 0 42
27.7652032444257 1 1 1 1 56
5.87226880526546 1 1 0 0 56
9.30340371827465 1 0 1 0 33
0.955564103769023 1 0 0 0 33
24.1876917248631 1 1 1 1 36
4.13745792382977 1 1 0 0 36
24.7413044348609 1 1 1 1 37
6.59253059943987 1 1 0 0 37
25.4586356018495 1 1 1 1 43
4.89474050051775 1 1 0 0 43
7.88472011323287 1 0 1 0 41
1.28978376151314 1 0 0 0 41
11.1157492894297 1 0 1 0 41
0.391609795118478 1 0 0 0 41
24.746782806863 1 1 1 1 58
8.69034588875913 1 1 0 0 58
24.8571999477089 1 1 1 1 19
4.07689483398881 1 1 0 0 19
24.0598740487843 1 1 1 1 38
6.68654408615664 1 1 0 0 38
24.4688173248183 1 1 1 1 30
5.20538682629102 1 1 0 0 30
8.51362758316169 1 0 1 0 28
2.12798158573358 1 0 0 0 28
11.2606327837268 1 0 1 0 44
1.8747500172601 1 0 0 0 44
10.5284813056635 1 0 1 0 43
2.89202102487568 1 0 0 0 43
24.8392889185486 1 1 1 1 44
3.83214919772323 1 1 0 0 44
24.2630288219297 1 1 1 1 34
5.30721856136572 1 1 0 0 34
25.0666864383374 1 1 1 1 19
7.83875860373598 1 1 0 0 19
28.2429033843845 1 1 1 1 43
8.18861012248656 1 1 0 0 43
24.811696100403 1 1 1 1 30
3.5158951345225 1 1 0 0 30
8.45018224345217 1 0 1 0 39
2.1261580647319 1 0 0 0 39
10.1950288507338 1 0 1 0 19
3.36122010719388 1 0 0 0 19
25.9677596759406 1 1 1 1 36
4.02678409128229 1 1 0 0 36
10.2015767183107 1 0 1 0 34
1.36847272815304 1 0 0 0 34
9.24720834930748 1 0 1 0 19
2.10543128584998 1 0 0 0 19
25.6055192459787 1 1 1 1 19
6.03489569536405 1 1 0 0 19
22.641834102075 1 1 1 1 19
7.04156258201566 1 1 0 0 19
9.54592400839646 1 0 1 0 37
1.62431186866508 1 0 0 0 37
25.1670815698422 1 1 1 1 30
6.1895592701622 1 1 0 0 30
25.3125687299875 1 1 1 1 19
8.32050690169326 1 1 0 0 19
24.6902159832693 1 1 1 1 38
6.23768034525512 1 1 0 0 38
26.6523443193523 1 1 1 1 10
7.49083710045599 1 1 0 0 10
26.6196466231855 1 1 1 1 42
5.18333692106509 1 1 0 0 42
27.831938235598 1 1 1 1 37
6.09432927629156 1 1 0 0 37
27.6401271977257 1 1 1 1 30
4.08953509996912 1 1 0 0 30
9.02967527240939 1 0 1 0 49
3.76764613807241 1 0 0 0 49
23.9884947984481 1 1 1 1 19
4.93553705289786 1 1 0 0 19
7.67270583654707 1 0 1 0 34
0.511521445781377 1 0 0 0 34
8.38176305925559 1 0 1 0 30
2.4683580779741 1 0 0 0 30
22.1514761963663 1 1 1 1 19
6.29978560383282 1 1 0 0 19
10.7489226228907 1 0 1 0 19
4.88156481093467 1 0 0 0 19
26.8401407352043 1 1 1 1 38
7.07024113462194 1 1 0 0 38
6.55803445101061 1 0 1 0 37
1.14934105567842 1 0 0 0 37
8.50213112651547 1 0 1 0 37
2.99493304473245 1 0 0 0 37
8.85055816629781 1 0 1 0 49
0.220002039935016 1 0 0 0 49
27.3821518233322 1 1 1 1 19
7.28890192548659 1 1 0 0 19
25.3357771114747 1 1 1 1 19
7.72266571716621 1 1 0 0 19
7.10668724603593 1 0 1 0 31
2.93454102742576 1 0 0 0 31
8.26049022548482 1 0 1 0 34
2.96696219021315 1 0 0 0 34
24.9139847668297 1 1 1 1 19
6.89514162481842 1 1 0 0 19
10.8887071240052 1 0 1 0 1
2.01030974459708 1 0 0 0 1
26.4390452248875 1 1 1 1 38
4.31930046950794 1 1 0 0 38
23.9794972136667 1 1 1 1 19
8.14849829164258 1 1 0 0 19
25.5337071897269 1 1 1 1 1
3.09771865433105 1 1 0 0 1
7.07095973568026 1 0 1 0 37
1.71605276468682 1 0 0 0 37
10.2243969756331 1 0 1 0 19
1.85591531798881 1 0 0 0 19
9.88273438839498 1 0 1 0 33
3.35623841165628 1 0 0 0 33
27.363228402447 1 1 1 1 37
6.07921962391729 1 1 0 0 37
8.92648648328097 1 0 1 0 1
-0.479452051358187 1 0 0 0 1
9.1404704306769 1 0 1 0 41
1.19128189248025 1 0 0 0 41
7.62254243811709 1 0 1 0 37
1.74557416809714 1 0 0 0 37
26.4353463999321 1 1 1 1 30
3.18182806089812 1 1 0 0 30
8.39573583711297 1 0 1 0 19
2.16495002832102 1 0 0 0 19
7.73681374041397 1 0 1 0 56
2.47221006979869 1 0 0 0 56
9.58184977370085 1 0 1 0 43
1.95327981550317 1 0 0 0 43
21.5126933309533 1 1 1 1 7
9.63659098495937 1 1 0 0 7
24.7096630057433 1 1 1 1 54
6.92092637054753 1 1 0 0 54
9.38716428454718 1 0 1 0 49
3.44910678568082 1 0 0 0 49
10.1563450784647 1 0 1 0 39
1.70330765195538 1 0 0 0 39
25.5348099923097 1 1 1 1 19
4.6629900090373 1 1 0 0 19
10.2118721439234 1 0 1 0 37
1.34799332837578 1 0 0 0 37
28.4178336541092 1 1 1 1 29
3.66506425957664 1 1 0 0 29
8.34382294822936 1 0 1 0 33
3.16726339602376 1 0 0 0 33
9.72143636640373 1 0 1 0 19
1.16634792057031 1 0 0 0 19
23.5903391556578 1 1 1 1 19
6.20431950103528 1 1 0 0 19
24.9797662622569 1 1 1 1 19
3.46815999379908 1 1 0 0 19
9.04886258773516 1 0 1 0 19
2.26902629242679 1 0 0 0 19
9.24710044031631 1 0 1 0 22
0.507980589816534 1 0 0 0 22
9.67335413967274 1 0 1 0 12
3.94959258437029 1 0 0 0 12
25.6452157090252 1 1 1 1 37
4.39403538392209 1 1 0 0 37
24.3839042683753 1 1 1 1 53
6.48946443275913 1 1 0 0 53
24.0849392927154 1 1 1 1 19
2.94862729021679 1 1 0 0 19
10.2505195022234 1 0 1 0 38
0.826941511955764 1 0 0 0 38
8.18886328624111 1 0 1 0 38
4.12683663771537 1 0 0 0 38
7.90519374130967 1 0 1 0 48
3.19604501426239 1 0 0 0 48
23.2171251749229 1 1 1 1 10
5.49860132513643 1 1 0 0 10
24.895976080143 1 1 1 1 34
4.34727730589244 1 1 0 0 34
24.102330395073 1 1 1 1 55
5.95921188468888 1 1 0 0 55
25.9485073352125 1 1 1 1 30
3.66577469296018 1 1 0 0 30
8.50537281140994 1 0 1 0 30
3.06972024405735 1 0 0 0 30
24.2380087784288 1 1 1 1 4
6.32143931824772 1 1 0 0 4
9.69611631957263 1 0 1 0 6
2.37877591116047 1 0 0 0 6
9.9238458700328 1 0 1 0 43
1.82646374742515 1 0 0 0 43
8.4149730640428 1 0 1 0 1
-1.73797709533161 1 0 0 0 1
8.86856155116556 1 0 1 0 1
2.60851445327388 1 0 0 0 1
25.7571683020346 1 1 1 1 49
5.21471782468063 1 1 0 0 49
27.5165971492864 1 1 1 1 1
6.40506529883393 1 1 0 0 1
9.17863760017536 1 0 1 0 57
3.79925693448112 1 0 0 0 57
7.98393532570335 1 0 1 0 44
1.36312501038524 1 0 0 0 44
12.3905098124314 1 0 1 0 19
2.01573904750597 1 0 0 0 19
11.31021461662 1 0 1 0 37
-0.0343556068019364 1 0 0 0 37
24.730568554691 1 1 1 1 44
6.53517221684938 1 1 0 0 44
9.42431857986473 1 0 1 0 34
0.577815562985625 1 0 0 0 34
25.0272367273767 1 1 1 1 19
4.47629709998816 1 1 0 0 19
10.0079147085089 1 0 1 0 19
3.53410364420542 1 0 0 0 19
21.8533922235142 1 1 1 1 15
7.74753445332063 1 1 0 0 15
7.24489804110494 1 0 1 0 21
2.64314086794574 1 0 0 0 21
25.9332432607071 1 1 1 1 56
5.71731309411853 1 1 0 0 56
8.08767109293271 1 0 1 0 19
2.23379923038588 1 0 0 0 19
25.6205833579733 1 1 1 1 43
7.24917882765386 1 1 0 0 43
22.097557202806 1 1 1 1 37
3.68581024592477 1 1 0 0 37
11.0228943905586 1 0 1 0 30
3.48015671035607 1 0 0 0 30
9.61559153509637 1 0 1 0 24
3.01141500285285 1 0 0 0 24
26.2970812075963 1 1 1 1 29
2.23688688998206 1 1 0 0 29
10.5701689280588 1 0 1 0 36
1.31412396335883 1 0 0 0 36
9.32614144959014 1 0 1 0 38
1.58258383495023 1 0 0 0 38
10.2331446639722 1 0 1 0 34
1.50718553657361 1 0 0 0 34
9.73327505786068 1 0 1 0 40
1.44748800459331 1 0 0 0 40
23.4545655081008 1 1 1 1 36
7.71121327447861 1 1 0 0 36
10.0477908443065 1 0 1 0 30
4.43847504370286 1 0 0 0 30
25.0921415750956 1 1 1 1 33
7.59099414085718 1 1 0 0 33
11.793664417564 1 0 1 0 19
1.60192417534643 1 0 0 0 19
23.129064593985 1 1 1 1 19
5.66150576757802 1 1 0 0 19
24.6972999755055 1 1 1 1 36
6.21450862662467 1 1 0 0 36
11.4215649218439 1 0 1 0 19
1.53876288393378 1 0 0 0 19
25.5275082430676 1 1 1 1 19
5.6780061074885 1 1 0 0 19
9.02892166935624 1 0 1 0 36
2.44414460709776 1 0 0 0 36
26.8783792368788 1 1 1 1 51
6.17157009481256 1 1 0 0 51
10.0081112768215 1 0 1 0 32
3.10147441731019 1 0 0 0 32
10.2936847661404 1 0 1 0 19
1.18768343414762 1 0 0 0 19
11.3007574774841 1 0 1 0 24
1.46124581261298 1 0 0 0 24
24.8503985954254 1 1 1 1 45
7.98562693085496 1 1 0 0 45
10.8301110109198 1 0 1 0 10
0.458518711159583 1 0 0 0 10
23.765291150295 1 1 1 1 19
4.07938617546318 1 1 0 0 19
25.2571707660824 1 1 1 1 34
6.23312019104365 1 1 0 0 34
25.5149359291168 1 1 1 1 15
6.78086892801681 1 1 0 0 15
24.1487949741127 1 1 1 1 39
4.59469797555716 1 1 0 0 39
26.4520933519431 1 1 1 1 19
7.06216108031947 1 1 0 0 19
6.86571621503011 1 0 1 0 38
1.86544118458371 1 0 0 0 38
23.7329384378791 1 1 1 1 44
3.07151575174095 1 1 0 0 44
25.2123019255115 1 1 1 1 37
5.88797772646775 1 1 0 0 37
8.86229906132467 1 0 1 0 19
2.30568585615672 1 0 0 0 19
10.2479942038115 1 0 1 0 37
2.29075877923047 1 0 0 0 37
24.1282280706754 1 1 1 1 10
4.96083693231132 1 1 0 0 10
24.8136027025225 1 1 1 1 19
6.43843022698599 1 1 0 0 19
7.52966994467593 1 0 1 0 36
1.73934789801746 1 0 0 0 36
26.3679224777689 1 1 1 1 19
5.84686882644119 1 1 0 0 19
8.01228401964634 1 0 1 0 37
1.60975460034127 1 0 0 0 37
10.5763510901304 1 0 1 0 57
2.77787962985045 1 0 0 0 57
26.748923688734 1 1 1 1 34
6.19671407609521 1 1 0 0 34
25.5802166057607 1 1 1 1 19
5.21022266055627 1 1 0 0 19
9.85612341026415 1 0 1 0 19
1.28393623755157 1 0 0 0 19
22.9910169970199 1 1 1 1 4
6.18100938795885 1 1 0 0 4
27.751849182476 1 1 1 1 30
7.13266392132331 1 1 0 0 30
10.6479171476632 1 0 1 0 19
2.50749863053354 1 0 0 0 19
24.1393701849457 1 1 1 1 7
5.7139882398371 1 1 0 0 7
24.6135688214538 1 1 1 1 19
5.33715841475089 1 1 0 0 19
25.9958429231128 1 1 1 1 10
4.30667229586428 1 1 0 0 10
26.2252267340146 1 1 1 1 37
7.22209616597909 1 1 0 0 37
23.3048920036413 1 1 1 1 36
6.90437825646 1 1 0 0 36
28.4368594913862 1 1 1 1 39
5.21197830827392 1 1 0 0 39
26.1948750371058 1 1 1 1 1
4.89379954141177 1 1 0 0 1
26.5707831515051 1 1 1 1 30
6.3533055071362 1 1 0 0 30
27.3361611507263 1 1 1 1 30
3.93670380859774 1 1 0 0 30
24.9274538337204 1 1 1 1 10
5.25481526956735 1 1 0 0 10
8.72102534677254 1 0 1 0 19
1.10964120351165 1 0 0 0 19
7.82076709950966 1 0 1 0 57
2.81843703103135 1 0 0 0 57
23.461928603977 1 1 1 1 38
8.09873667038807 1 1 0 0 38
23.322450559273 1 1 1 1 56
6.14294750677637 1 1 0 0 56
25.7537606780296 1 1 1 1 30
6.82976907406837 1 1 0 0 30
8.57326577555933 1 0 1 0 43
2.11243280002915 1 0 0 0 43
10.3594328005123 1 0 1 0 37
-0.0597538530636492 1 0 0 0 37
7.8944530977057 1 0 1 0 37
2.45311729832228 1 0 0 0 37
8.37098329393669 1 0 1 0 30
3.9374782287791 1 0 0 0 30
25.9521247444765 1 1 1 1 19
6.10205920001737 1 1 0 0 19
22.8677091527723 1 1 1 1 43
6.03691129263736 1 1 0 0 43
8.55252038784575 1 0 1 0 43
1.85526017251757 1 0 0 0 43
7.32902291635078 1 0 1 0 15
2.70520896857072 1 0 0 0 15
23.5306937114029 1 1 1 1 19
5.68007380573723 1 1 0 0 19
25.5394175810495 1 1 1 1 50
4.89194134484429 1 1 0 0 50
25.8244743526597 1 1 1 1 43
4.13817313497893 1 1 0 0 43
5.02637854180149 1 0 1 0 56
2.65756403863872 1 0 0 0 56
10.188702823003 1 0 1 0 54
1.59575352521478 1 0 0 0 54
25.7129421863918 1 1 1 1 7
4.36528717325549 1 1 0 0 7
8.8201847157903 1 0 1 0 19
-0.745721618993229 1 0 0 0 19
26.6704420362883 1 1 1 1 37
8.63031116519937 1 1 0 0 37
10.5188827046458 1 0 1 0 43
1.96132554920792 1 0 0 0 43
8.95286377791486 1 0 1 0 42
-0.144043394135027 1 0 0 0 42
10.1177736728277 1 0 1 0 21
1.70197686361011 1 0 0 0 21
8.07122524796179 1 0 1 0 30
0.00309397360199992 1 0 0 0 30
8.57607181175202 1 0 1 0 30
0.799246227575477 1 0 0 0 30
8.43851405347633 1 0 1 0 37
0.278053583759406 1 0 0 0 37
11.3866119345 1 0 1 0 30
1.97736900899025 1 0 0 0 30
26.5202019070848 1 1 1 1 37
2.32064104110002 1 1 0 0 37
8.35908148238324 1 0 1 0 37
1.04472378208764 1 0 0 0 37
7.27052121135961 1 0 1 0 43
4.1872356415941 1 0 0 0 43
6.99848911448056 1 0 1 0 36
2.45027182439653 1 0 0 0 36
10.1970416747515 1 0 1 0 41
2.25199898114259 1 0 0 0 41
23.7622018331845 1 1 1 1 19
7.33100944831113 1 1 0 0 19
25.2412479789185 1 1 1 1 43
4.49598683723912 1 1 0 0 43
7.03700221164211 1 0 1 0 57
4.9510640967006 1 0 0 0 57
8.04045164963644 1 0 1 0 42
-0.624174598925968 1 0 0 0 42
25.7541426230686 1 1 1 1 40
6.4387318355798 1 1 0 0 40
23.0853891212147 1 1 1 1 1
3.25224468881262 1 1 0 0 1
8.83552340289617 1 0 1 0 19
3.61134968865308 1 0 0 0 19
25.8996152379061 1 1 1 1 43
5.30288120934887 1 1 0 0 43
23.8202796893213 1 1 1 1 19
6.38334628370511 1 1 0 0 19
25.2225312377179 1 1 1 1 17
6.89054689255851 1 1 0 0 17
8.44025717074197 1 0 1 0 42
3.27187869941504 1 0 0 0 42
23.8250550702652 1 1 1 1 37
5.5325392021198 1 1 0 0 37
10.0476699466561 1 0 1 0 30
3.40003127528477 1 0 0 0 30
6.25854036048062 1 0 1 0 37
2.15159012735854 1 0 0 0 37
9.8609435348832 1 0 1 0 1
-0.0517754207590859 1 0 0 0 1
9.67970724176724 1 0 1 0 43
0.828784714796407 1 0 0 0 43
10.4428556468549 1 0 1 0 9
2.76152859289378 1 0 0 0 9
26.0876041857569 1 1 1 1 30
6.17072291271831 1 1 0 0 30
10.2213833287082 1 0 1 0 34
3.95234236899552 1 0 0 0 34
27.7806946104465 1 1 1 1 54
5.95984332846955 1 1 0 0 54
5.81936144558192 1 0 1 0 44
2.04458450326426 1 0 0 0 44
25.2907074488878 1 1 1 1 51
5.78030850321684 1 1 0 0 51
9.80368147484524 1 0 1 0 36
3.42931448460771 1 0 0 0 36
24.2674622221857 1 1 1 1 19
5.58408639970528 1 1 0 0 19
9.56263384736991 1 0 1 0 29
1.22186612244639 1 0 0 0 29
9.12907157153137 1 0 1 0 19
-0.774273491753954 1 0 0 0 19
7.41622262550163 1 0 1 0 50
0.122270198885507 1 0 0 0 50
23.7927937909253 1 1 1 1 33
5.01951933374578 1 1 0 0 33
9.54066111755406 1 0 1 0 34
3.38891752795048 1 0 0 0 34
23.9713243481176 1 1 1 1 1
4.59025679161883 1 1 0 0 1
23.5268294878441 1 1 1 1 37
5.4136830003695 1 1 0 0 37
8.66196185001724 1 0 1 0 43
2.68393847535551 1 0 0 0 43
24.5455780502781 1 1 1 1 33
3.06057228673122 1 1 0 0 33
24.8706924074512 1 1 1 1 41
7.67893568869389 1 1 0 0 41
10.6851786748683 1 0 1 0 30
0.884237516733577 1 0 0 0 30
6.81111342046479 1 0 1 0 19
5.47622248472935 1 0 0 0 19
24.7703006861186 1 1 1 1 37
5.86218312043042 1 1 0 0 37
25.594781721641 1 1 1 1 19
3.71740351024394 1 1 0 0 19
7.970142656574 1 0 1 0 19
-0.178514541615764 1 0 0 0 19
24.0198161968585 1 1 1 1 24
6.1680784800354 1 1 0 0 24
23.0700093758161 1 1 1 1 1
6.83436150672647 1 1 0 0 1
25.4091942497451 1 1 1 1 19
4.72124684746576 1 1 0 0 19
25.3200718030186 1 1 1 1 36
7.05794652575463 1 1 0 0 36
10.5006152981325 1 0 1 0 34
1.69898707761031 1 0 0 0 34
24.8675775761139 1 1 1 1 17
5.87736769425911 1 1 0 0 17
11.0385347650552 1 0 1 0 39
3.5910919287043 1 0 0 0 39
26.1800220135874 1 1 1 1 33
5.59363874384216 1 1 0 0 33
9.52784309823772 1 0 1 0 37
2.57033865598625 1 0 0 0 37
23.5268514996542 1 1 1 1 19
3.55580831452275 1 1 0 0 19
25.9076847298432 1 1 1 1 30
3.83722830572465 1 1 0 0 30
25.0023810950892 1 1 1 1 54
6.35390386290513 1 1 0 0 54
25.7974289107505 1 1 1 1 51
6.26788915416275 1 1 0 0 51
7.96358820789786 1 0 1 0 34
3.39493197652596 1 0 0 0 34
11.4587994531586 1 0 1 0 30
3.24617502245813 1 0 0 0 30
22.2512625348289 1 1 1 1 41
7.97929962297124 1 1 0 0 41
24.9207249206517 1 1 1 1 33
6.74234089289664 1 1 0 0 33
25.8796878384157 1 1 1 1 30
5.86326524397848 1 1 0 0 30
24.8935617651376 1 1 1 1 57
7.44130574963618 1 1 0 0 57
10.0063570897908 1 0 1 0 35
3.40044229866179 1 0 0 0 35
28.3699672505356 1 1 1 1 24
6.93962592549201 1 1 0 0 24
9.29328124535493 1 0 1 0 19
-1.12630732640707 1 0 0 0 19
28.8066584494202 1 1 1 1 50
5.31739189237252 1 1 0 0 50
12.3583820411261 1 0 1 0 19
2.5298260149285 1 0 0 0 19
27.1756688520442 1 1 1 1 41
5.84484617586025 1 1 0 0 41
9.72332887805129 1 0 1 0 15
2.30258227658803 1 0 0 0 15
24.7367855827076 1 1 1 1 27
5.8297374203929 1 1 0 0 27
10.4323640541881 1 0 1 0 19
1.71509515630235 1 0 0 0 19
22.1182817805516 1 1 1 1 24
5.72297076758178 1 1 0 0 24
9.76337919519098 1 0 1 0 50
2.87180003466663 1 0 0 0 50
25.8719585695994 1 1 1 1 33
3.6070070802748 1 1 0 0 33
9.5214800194568 1 0 1 0 33
3.36875962117485 1 0 0 0 33
26.8053548847679 1 1 1 1 34
5.68185671948072 1 1 0 0 34
8.54477513899293 1 0 1 0 38
4.1041204404537 1 0 0 0 38
6.64119353659643 1 0 1 0 19
1.38222912219833 1 0 0 0 19
9.64694907689871 1 0 1 0 19
-0.28787759985352 1 0 0 0 19
25.3954535154684 1 1 1 1 36
8.65570076686449 1 1 0 0 36
24.9942573688382 1 1 1 1 36
5.60620654139912 1 1 0 0 36
9.67162658691681 1 0 1 0 20
1.60533235119169 1 0 0 0 20
26.150321840662 1 1 1 1 43
7.27906490011597 1 1 0 0 43
9.00380658381695 1 0 1 0 30
0.335905991772274 1 0 0 0 30
7.13575436902603 1 0 1 0 33
1.16137508303873 1 0 0 0 33
26.1276663182494 1 1 1 1 37
3.230679684091 1 1 0 0 37
22.3323333774749 1 1 1 1 19
5.07541570501836 1 1 0 0 19
25.5577585429442 1 1 1 1 15
4.70802250456148 1 1 0 0 15
26.2540525146825 1 1 1 1 27
6.47145633308137 1 1 0 0 27
24.7586791376088 1 1 1 1 37
7.15799785593593 1 1 0 0 37
9.54923128041239 1 0 1 0 19
1.36935263657935 1 0 0 0 19
9.32684587472113 1 0 1 0 37
2.91572217266966 1 0 0 0 37
9.50386073835156 1 0 1 0 36
1.06943303973791 1 0 0 0 36
10.2094385569732 1 0 1 0 34
3.63049804673624 1 0 0 0 34
9.3907112248022 1 0 1 0 50
2.20379476805522 1 0 0 0 50
24.8930499851056 1 1 1 1 19
9.05670360376952 1 1 0 0 19
25.3907691730408 1 1 1 1 30
5.77613843776986 1 1 0 0 30
5.45326863081572 1 0 1 0 3
-0.213642701041476 1 0 0 0 3
24.8901535062636 1 1 1 1 21
6.29174383605391 1 1 0 0 21
9.39155678636968 1 0 1 0 19
3.16178603049189 1 0 0 0 19
24.7254270295716 1 1 1 1 38
7.71768794586363 1 1 0 0 38
23.6967795142295 1 1 1 1 50
4.29100391539838 1 1 0 0 50
7.26195107973433 1 0 1 0 30
3.04976651891376 1 0 0 0 30
8.88273349295267 1 0 1 0 13
3.11697121684388 1 0 0 0 13
8.6214059478996 1 0 1 0 19
1.16293816158912 1 0 0 0 19
24.479070792521 1 1 1 1 34
3.38000416127677 1 1 0 0 34
7.34591423596382 1 0 1 0 1
-0.0393449542920101 1 0 0 0 1
26.4910368561396 1 1 1 1 30
5.15524768358117 1 1 0 0 30
26.1164648307649 1 1 1 1 30
8.1446415761241 1 1 0 0 30
24.7287894640352 1 1 1 1 19
6.40146539943514 1 1 0 0 19
22.5236165654391 1 1 1 1 30
4.84222609752653 1 1 0 0 30
9.07949980240397 1 0 1 0 19
2.42297275502616 1 0 0 0 19
23.9260488832753 1 1 1 1 36
9.79696400976599 1 1 0 0 36
8.35173844843745 1 0 1 0 7
2.09085410908128 1 0 0 0 7
25.9189444712482 1 1 1 1 16
5.96320409382818 1 1 0 0 16
24.0898582729652 1 1 1 1 38
7.47828544680232 1 1 0 0 38
11.284726106708 1 0 1 0 19
1.95800638342061 1 0 0 0 19
9.79516610554853 1 0 1 0 34
1.86223792347293 1 0 0 0 34
10.4374847544193 1 0 1 0 50
0.364932390664155 1 0 0 0 50
28.2821920051452 1 1 1 1 37
5.14647792406178 1 1 0 0 37
22.9368753726416 1 1 1 1 19
5.50372724950506 1 1 0 0 19
9.20747712799306 1 0 1 0 43
4.29614713205796 1 0 0 0 43
26.2886450830556 1 1 1 1 19
6.20146664667356 1 1 0 0 19
7.03497355568198 1 0 1 0 10
0.775237675957689 1 0 0 0 10
24.7690802343102 1 1 1 1 41
9.61052415474864 1 1 0 0 41
22.3692409354399 1 1 1 1 37
7.59955282842582 1 1 0 0 37
24.2543781628721 1 1 1 1 1
8.35606692555237 1 1 0 0 1
23.3889270046855 1 1 1 1 19
6.20311392633195 1 1 0 0 19
7.44500014572386 1 0 1 0 19
3.27776518398755 1 0 0 0 19
11.0983810765444 1 0 1 0 36
4.7587361036586 1 0 0 0 36
26.1279776673208 1 1 1 1 38
8.60677213628861 1 1 0 0 38
26.7627095960954 1 1 1 1 37
5.81350071116172 1 1 0 0 37
9.67463253213923 1 0 1 0 19
0.625392603582593 1 0 0 0 19
24.7380845802522 1 1 1 1 7
7.72670343551225 1 1 0 0 7
25.7654913768102 1 1 1 1 37
6.64680094123531 1 1 0 0 37
7.53186100415387 1 0 1 0 19
1.14508919102752 1 0 0 0 19
7.91868380547767 1 0 1 0 10
2.55903278052316 1 0 0 0 10
23.5992106753602 1 1 1 1 1
6.79484655649311 1 1 0 0 1
23.4211487689877 1 1 1 1 13
8.58593257310732 1 1 0 0 13
9.65137453314366 1 0 1 0 4
1.0086311842789 1 0 0 0 4
25.3408904268981 1 1 1 1 19
5.50155590555004 1 1 0 0 19
9.52488247833921 1 0 1 0 43
2.34440727375241 1 0 0 0 43
23.5658259832274 1 1 1 1 33
4.88091318047945 1 1 0 0 33
25.42368945216 1 1 1 1 1
8.31796943878997 1 1 0 0 1
26.533880083643 1 1 1 1 30
5.11672820819219 1 1 0 0 30
10.1680313689844 1 0 1 0 38
1.93131397682994 1 0 0 0 38
9.42612185278833 1 0 1 0 33
2.36820675131932 1 0 0 0 33
28.6422359850682 1 1 1 1 36
4.32374848873847 1 1 0 0 36
9.14272223332876 1 0 1 0 34
-0.517268021359882 1 0 0 0 34
9.83415396182313 1 0 1 0 19
3.55083857332164 1 0 0 0 19
27.0444751479759 1 1 1 1 19
3.27743347531378 1 1 0 0 19
25.5837442210657 1 1 1 1 19
8.25336539512452 1 1 0 0 19
8.41449315144797 1 0 1 0 50
1.69997384026504 1 0 0 0 50
8.94832856482662 1 0 1 0 19
2.51621446879709 1 0 0 0 19
25.9406781174264 1 1 1 1 33
7.86368016652328 1 1 0 0 33
8.86496015455436 1 0 1 0 19
2.27757907390325 1 0 0 0 19
28.5185603411221 1 1 1 1 56
6.60966595086472 1 1 0 0 56
9.26693720715434 1 0 1 0 34
0.101781568222097 1 0 0 0 34
25.0040390612821 1 1 1 1 10
5.68699755248353 1 1 0 0 10
8.98437883767592 1 0 1 0 24
1.18623656768558 1 0 0 0 24
24.0286959894654 1 1 1 1 19
4.98067215447907 1 1 0 0 19
8.69664480513137 1 0 1 0 43
3.9348317459675 1 0 0 0 43
26.4836325353844 1 1 1 1 19
5.49091830608807 1 1 0 0 19
6.61575408496335 1 0 1 0 56
0.805578660808887 1 0 0 0 56
24.3526288455721 1 1 1 1 19
6.14656627115695 1 1 0 0 19
8.06293180417682 1 0 1 0 22
4.83787504832667 1 0 0 0 22
8.61495556023169 1 0 1 0 37
0.283223266219463 1 0 0 0 37
24.8002257070064 1 1 1 1 39
4.57818138880473 1 1 0 0 39
25.2208375190707 1 1 1 1 19
6.33040782567214 1 1 0 0 19
9.50287682297672 1 0 1 0 43
-0.293653946300282 1 0 0 0 43
9.31213290105957 1 0 1 0 33
2.43904271434182 1 0 0 0 33
22.9902491599362 1 1 1 1 57
7.351091044732 1 1 0 0 57
26.1089850924332 1 1 1 1 36
9.25215288884037 1 1 0 0 36
25.2216114900111 1 1 1 1 44
6.06609118843349 1 1 0 0 44
25.1365929964925 1 1 1 1 1
6.09866434993486 1 1 0 0 1
22.38586473144 1 1 1 1 16
3.63666944921948 1 1 0 0 16
24.8903433415515 1 1 1 1 37
5.17824662975025 1 1 0 0 37
25.0774091360934 1 1 1 1 30
3.01430048553932 1 1 0 0 30
22.8805206025434 1 1 1 1 44
4.44226718192347 1 1 0 0 44
26.3944969095129 1 1 1 1 23
4.44650053384184 1 1 0 0 23
23.8693165235455 1 1 1 1 43
6.11295863764737 1 1 0 0 43
24.5435677179004 1 1 1 1 48
6.20706515983664 1 1 0 0 48
28.2598499171196 1 1 1 1 56
4.40957023581203 1 1 0 0 56
24.5680006923463 1 1 1 1 1
5.26919177768796 1 1 0 0 1
27.1388501242975 1 1 1 1 1
4.91178398600695 1 1 0 0 1
8.88391158738716 1 0 1 0 19
3.11317503277493 1 0 0 0 19
7.50292690706197 1 0 1 0 19
4.3407720867343 1 0 0 0 19
25.9556723729057 1 1 1 1 19
4.48084244401135 1 1 0 0 19
9.6428701027233 1 0 1 0 7
1.69833814508873 1 0 0 0 7
25.4429723774799 1 1 1 1 37
5.87275585610326 1 1 0 0 37
26.5139382979498 1 1 1 1 55
4.08925551041083 1 1 0 0 55
8.2609083789029 1 0 1 0 27
1.64759116390137 1 0 0 0 27
7.59172793792141 1 0 1 0 19
0.529281472847543 1 0 0 0 19
24.9745720999218 1 1 1 1 19
5.81307613450554 1 1 0 0 19
21.3946848728101 1 1 1 1 19
7.47159309372378 1 1 0 0 19
25.3531655227039 1 1 1 1 7
9.41703323661224 1 1 0 0 7
25.969016641166 1 1 1 1 40
5.36790408343704 1 1 0 0 40
12.9561084992906 1 0 1 0 41
6.00537245472734 1 0 0 0 41
7.27648122077808 1 0 1 0 27
2.66331135329854 1 0 0 0 27
24.7012517426609 1 1 1 1 34
6.26453026831412 1 1 0 0 34
25.3217940127614 1 1 1 1 9
4.2154032510457 1 1 0 0 9
25.4038846576515 1 1 1 1 48
8.4738093449005 1 1 0 0 48
8.7679416907027 1 0 1 0 36
1.76958683605741 1 0 0 0 36
10.9778794993178 1 0 1 0 30
3.27052414795883 1 0 0 0 30
22.6686762703434 1 1 1 1 36
6.32322837136233 1 1 0 0 36
11.3384689253058 1 0 1 0 36
4.00150300856154 1 0 0 0 36
25.5939012536544 1 1 1 1 30
7.01996024688472 1 1 0 0 30
23.3072779896408 1 1 1 1 38
6.42445013237993 1 1 0 0 38
7.65020537126482 1 0 1 0 38
1.35226463628538 1 0 0 0 38
26.3231434186073 1 1 1 1 34
4.39219034247784 1 1 0 0 34
9.37747941042958 1 0 1 0 5
2.60575297941958 1 0 0 0 5
9.07765725248383 1 0 1 0 24
4.5769641450443 1 0 0 0 24
7.55418254247298 1 0 1 0 37
2.85719763628697 1 0 0 0 37
8.87423318540173 1 0 1 0 7
1.63112750326586 1 0 0 0 7
25.6563241170925 1 1 1 1 36
4.55693564560127 1 1 0 0 36
7.1424999003483 1 0 1 0 10
1.30069843955722 1 0 0 0 10
11.4773587191682 1 0 1 0 37
2.0788633005597 1 0 0 0 37
25.4687190210108 1 1 1 1 19
5.73151631022549 1 1 0 0 19
25.6653772025271 1 1 1 1 37
4.65412188323212 1 1 0 0 37
10.6375326858351 1 0 1 0 41
2.82689810902421 1 0 0 0 41
23.8595034807353 1 1 1 1 19
6.07714994009879 1 1 0 0 19
26.0130458914523 1 1 1 1 1
6.78875071897729 1 1 0 0 1
11.0957711837951 1 0 1 0 1
1.13310440345907 1 0 0 0 1
26.5784555390877 1 1 1 1 34
7.46590025370971 1 1 0 0 34
24.7702141512061 1 1 1 1 33
4.61983123512937 1 1 0 0 33
23.4597160996577 1 1 1 1 19
6.6474085246033 1 1 0 0 19
8.89941160852461 1 0 1 0 41
4.51603112031546 1 0 0 0 41
25.7567993614744 1 1 1 1 41
5.47399051308862 1 1 0 0 41
23.5496642433888 1 1 1 1 19
5.17635965302445 1 1 0 0 19
25.4849174156157 1 1 1 1 45
5.36228210638856 1 1 0 0 45
9.72723121021099 1 0 1 0 20
1.52717459220409 1 0 0 0 20
8.85071574533999 1 0 1 0 21
0.966903313270438 1 0 0 0 21
11.6941384746898 1 0 1 0 1
2.47039816378545 1 0 0 0 1
9.3261652223338 1 0 1 0 16
-0.392654772798344 1 0 0 0 16
9.93308665268657 1 0 1 0 29
0.55237763784129 1 0 0 0 29
23.7391980983999 1 1 1 1 39
7.29873053894441 1 1 0 0 39
24.359784606013 1 1 1 1 30
3.52742820954233 1 1 0 0 30
27.5030223963054 1 1 1 1 19
2.63783888283018 1 1 0 0 19
25.8100778342111 1 1 1 1 19
7.4386076843693 1 1 0 0 19
8.10767668554705 1 0 1 0 19
2.62831677369297 1 0 0 0 19
9.62102415090926 1 0 1 0 15
3.47166337617116 1 0 0 0 15
25.684619919979 1 1 1 1 19
5.65368203840217 1 1 0 0 19
26.2954083913651 1 1 1 1 30
7.13225099491522 1 1 0 0 30
7.67549136982649 1 0 1 0 37
0.0189874128414305 1 0 0 0 37
9.22666667080215 1 0 1 0 50
1.612558694013 1 0 0 0 50
23.6062372207653 1 1 1 1 7
6.11869590526935 1 1 0 0 7
7.13324300995684 1 0 1 0 7
2.22800849265744 1 0 0 0 7
8.11621779882627 1 0 1 0 19
3.35363469798201 1 0 0 0 19
12.4287454252569 1 0 1 0 19
0.704609730725889 1 0 0 0 19
10.4957630149837 1 0 1 0 27
3.16693793599837 1 0 0 0 27
24.9007303759871 1 1 1 1 21
5.35844714528719 1 1 0 0 21
11.2278215239204 1 0 1 0 19
-0.836145645316858 1 0 0 0 19
24.0903852024805 1 1 1 1 19
3.96799651497231 1 1 0 0 19
10.973271189119 1 0 1 0 43
1.73030461916254 1 0 0 0 43
24.2580028739234 1 1 1 1 56
10.5029188784237 1 1 0 0 56
24.9292366171292 1 1 1 1 41
5.37244370486463 1 1 0 0 41
9.42407350362694 1 0 1 0 34
-0.218087370231555 1 0 0 0 34
25.6933926469342 1 1 1 1 27
5.8640046968315 1 1 0 0 27
25.6625945825947 1 1 1 1 41
4.6107181233796 1 1 0 0 41
7.55328237634584 1 0 1 0 37
1.01936357884645 1 0 0 0 37
7.91389872997106 1 0 1 0 30
3.83713408108425 1 0 0 0 30
27.2332490704703 1 1 1 1 15
5.77812127218495 1 1 0 0 15
24.4923870479896 1 1 1 1 41
5.5346688234703 1 1 0 0 41
25.0979151659907 1 1 1 1 49
6.1370432815514 1 1 0 0 49
25.4101705647326 1 1 1 1 19
4.944036514834 1 1 0 0 19
7.80230764100551 1 0 1 0 19
3.69292346728361 1 0 0 0 19
8.22412374523872 1 0 1 0 10
2.42857133220662 1 0 0 0 10
8.91943149843969 1 0 1 0 44
0.645396398909698 1 0 0 0 44
25.8358877684919 1 1 1 1 20
6.24480725980662 1 1 0 0 20
10.9795926067399 1 0 1 0 19
2.1661129376102 1 0 0 0 19
24.5311234922051 1 1 1 1 30
6.39356844073589 1 1 0 0 30
7.32332021049794 1 0 1 0 33
0.817867292983755 1 0 0 0 33
25.7216353522776 1 1 1 1 33
5.52889590357914 1 1 0 0 33
24.9067171350814 1 1 1 1 15
5.83705189585567 1 1 0 0 15
24.0800362320342 1 1 1 1 19
3.14514312011689 1 1 0 0 19
25.4933271458538 1 1 1 1 14
7.07712092135335 1 1 0 0 14
23.1774800219175 1 1 1 1 30
8.09643402934291 1 1 0 0 30
9.54469117527191 1 0 1 0 19
3.89736590100657 1 0 0 0 19
23.6463565380661 1 1 1 1 37
6.23586435994064 1 1 0 0 37
8.85855890284211 1 0 1 0 19
3.08683363295173 1 0 0 0 19
8.18561158903556 1 0 1 0 7
1.98571973537644 1 0 0 0 7
22.4845961090073 1 1 1 1 43
4.9002772091004 1 1 0 0 43
25.1768246140354 1 1 1 1 31
5.00111056606897 1 1 0 0 31
8.93838344225978 1 0 1 0 37
1.33825274148831 1 0 0 0 37
9.85832882997253 1 0 1 0 37
3.65249201370803 1 0 0 0 37
23.8368073469366 1 1 1 1 57
5.56578473469097 1 1 0 0 57
11.0361298981658 1 0 1 0 9
-1.10974708868418 1 0 0 0 9
24.5476810571608 1 1 1 1 41
8.91993280092535 1 1 0 0 41
12.1022048259576 1 0 1 0 19
2.22145923008598 1 0 0 0 19
7.7786725094554 1 0 1 0 56
2.23399212663863 1 0 0 0 56
24.0768375960818 1 1 1 1 36
8.05459390426664 1 1 0 0 36
7.85946129048608 1 0 1 0 43
2.5273766355104 1 0 0 0 43
25.876600382093 1 1 1 1 36
4.92871885710851 1 1 0 0 36
26.2042377532815 1 1 1 1 30
4.94226729142485 1 1 0 0 30
9.89129371464437 1 0 1 0 36
3.55091375486927 1 0 0 0 36
7.60213061353397 1 0 1 0 19
3.56694161399548 1 0 0 0 19
8.30769597430396 1 0 1 0 37
2.41627855405804 1 0 0 0 37
9.28544129070588 1 0 1 0 30
1.39585307664374 1 0 0 0 30
9.37915471486202 1 0 1 0 19
0.259907897702331 1 0 0 0 19
24.807473389017 1 1 1 1 38
7.16784459382424 1 1 0 0 38
5.92532343477026 1 0 1 0 37
-0.104245393972135 1 0 0 0 37
23.3567721474157 1 1 1 1 23
3.75268780271222 1 1 0 0 23
25.5933800247146 1 1 1 1 41
4.59578726131031 1 1 0 0 41
5.93886815553261 1 0 1 0 36
1.09834160547776 1 0 0 0 36
24.4475583294233 1 1 1 1 43
7.21167763706126 1 1 0 0 43
7.43905875977218 1 0 1 0 19
3.64231101530382 1 0 0 0 19
25.5633699551857 1 1 1 1 19
6.51244333568334 1 1 0 0 19
23.79434663477 1 1 1 1 48
8.7629036121245 1 1 0 0 48
8.76768596134589 1 0 1 0 19
-0.580794913486896 1 0 0 0 19
8.71170341337921 1 0 1 0 37
-0.735717040481485 1 0 0 0 37
8.56087238300045 1 0 1 0 36
1.40288084568909 1 0 0 0 36
9.96425279539715 1 0 1 0 38
3.42764319703387 1 0 0 0 38
7.97313251093035 1 0 1 0 33
3.14001009440519 1 0 0 0 33
27.014297058895 1 1 1 1 37
4.89105291349798 1 1 0 0 37
24.0773608967452 1 1 1 1 27
6.9203395872709 1 1 0 0 27
25.2588689216596 1 1 1 1 19
6.77608499175106 1 1 0 0 19
10.9865235802016 1 0 1 0 43
2.54741819747062 1 0 0 0 43
10.487330199847 1 0 1 0 19
2.88092135291354 1 0 0 0 19
25.6132318361892 1 1 1 1 37
6.54600584870159 1 1 0 0 37
26.8262069305731 1 1 1 1 19
4.58259049357605 1 1 0 0 19
23.437035595525 1 1 1 1 19
6.83713806619688 1 1 0 0 19
24.8307332537071 1 1 1 1 30
6.10465917405116 1 1 0 0 30
26.0483245202762 1 1 1 1 13
7.06532007313665 1 1 0 0 13
24.6285278117104 1 1 1 1 37
5.55799622162774 1 1 0 0 37
9.10408415103072 1 0 1 0 19
3.50333417466449 1 0 0 0 19
9.60248395011024 1 0 1 0 37
4.02657865678867 1 0 0 0 37
8.98919983427799 1 0 1 0 8
3.59193439402723 1 0 0 0 8
10.2487538438474 1 0 1 0 7
2.86561673170914 1 0 0 0 7
9.58647536385181 1 0 1 0 36
1.60418651809156 1 0 0 0 36
24.8457976757255 1 1 1 1 19
6.32441422117821 1 1 0 0 19
9.06913933224802 1 0 1 0 25
3.33392083555395 1 0 0 0 25
8.84540224179014 1 0 1 0 19
1.90047200301243 1 0 0 0 19
8.31506937784847 1 0 1 0 1
1.80436288800512 1 0 0 0 1
8.90275069602861 1 0 1 0 57
-1.27211651119636 1 0 0 0 57
23.0698365034428 1 1 1 1 34
5.89748802885142 1 1 0 0 34
8.62483208770909 1 0 1 0 30
0.301714309411176 1 0 0 0 30
6.18353970145619 1 0 1 0 24
1.49884624311086 1 0 0 0 24
9.92418257479824 1 0 1 0 19
4.50773812259587 1 0 0 0 19
24.9456138807709 1 1 1 1 33
8.11168225274563 1 1 0 0 33
25.1174110613063 1 1 1 1 19
6.16338706873337 1 1 0 0 19
25.4593723635399 1 1 1 1 36
4.7688178526586 1 1 0 0 36
24.9268594019024 1 1 1 1 10
7.28473905633863 1 1 0 0 10
7.93972762417279 1 0 1 0 1
1.54518033422294 1 0 0 0 1
23.3768070382054 1 1 1 1 43
6.50112968207537 1 1 0 0 43
9.60075761354769 1 0 1 0 15
2.91690161722977 1 0 0 0 15
7.27492810991004 1 0 1 0 19
2.15165324051174 1 0 0 0 19
23.6649008088062 1 1 1 1 34
5.99945602456905 1 1 0 0 34
10.8987569568391 1 0 1 0 19
1.28790771021974 1 0 0 0 19
26.0135432723983 1 1 1 1 36
4.9398085211038 1 1 0 0 36
8.32325891480305 1 0 1 0 19
2.62044624978766 1 0 0 0 19
8.0395902167445 1 0 1 0 19
-0.408355966107137 1 0 0 0 19
10.789218359765 1 0 1 0 36
2.50962209310899 1 0 0 0 36
24.1746091876241 1 1 1 1 13
3.17994673451657 1 1 0 0 13
27.6901308571915 1 1 1 1 19
10.7947083969162 1 1 0 0 19
9.29342160600878 1 0 1 0 54
3.20180808630514 1 0 0 0 54
26.7317898012791 1 1 1 1 5
5.00749865195613 1 1 0 0 5
8.50333352910685 1 0 1 0 33
-0.442517993883516 1 0 0 0 33
23.9583210741723 1 1 1 1 19
6.88022035631124 1 1 0 0 19
24.5888655052169 1 1 1 1 19
5.69705914314155 1 1 0 0 19
24.8408167556905 1 1 1 1 38
3.36437687760777 1 1 0 0 38
10.1845876132401 1 0 1 0 34
-0.0414072207215925 1 0 0 0 34
24.7050372476054 1 1 1 1 31
5.3797776039951 1 1 0 0 31
24.6908616595511 1 1 1 1 52
8.0647036396482 1 1 0 0 52
24.1768429699703 1 1 1 1 19
4.89253275948247 1 1 0 0 19
6.85088471023596 1 0 1 0 43
0.860570845807386 1 0 0 0 43
7.35076577060845 1 0 1 0 19
2.57692304345286 1 0 0 0 19
7.77952769091009 1 0 1 0 19
2.42998036946831 1 0 0 0 19
8.79292026078125 1 0 1 0 51
-0.0273630773349982 1 0 0 0 51
7.8819117469132 1 0 1 0 19
3.25173803816791 1 0 0 0 19
10.2771424486118 1 0 1 0 31
4.83630892484896 1 0 0 0 31
24.9949366793036 1 1 1 1 19
3.88458143270512 1 1 0 0 19
7.91329421883675 1 0 1 0 52
2.57768998361845 1 0 0 0 52
27.687198575166 1 1 1 1 41
6.15557639435323 1 1 0 0 41
10.6127505144483 1 0 1 0 56
3.08623099810102 1 0 0 0 56
23.3480689859073 1 1 1 1 23
5.75801016647341 1 1 0 0 23
26.8459185671468 1 1 1 1 36
7.23898700013285 1 1 0 0 36
9.65590679358149 1 0 1 0 1
2.67474143661339 1 0 0 0 1
8.30504795982184 1 0 1 0 34
0.134107395872754 1 0 0 0 34
10.8320087224415 1 0 1 0 52
-0.00849366666199369 1 0 0 0 52
7.67220065669525 1 0 1 0 50
2.88949082267945 1 0 0 0 50
23.2149873498998 1 1 1 1 52
5.21953737687717 1 1 0 0 52
7.32726889594001 1 0 1 0 30
2.87775082101102 1 0 0 0 30
9.63118192119324 1 0 1 0 33
2.59663505498526 1 0 0 0 33
9.62573968164068 1 0 1 0 33
2.78806449210381 1 0 0 0 33
25.904186622136 1 1 1 1 37
3.21589212682879 1 1 0 0 37
8.78954188346186 1 0 1 0 33
2.15904784898708 1 0 0 0 33
26.0248469141135 1 1 1 1 36
4.32064108618412 1 1 0 0 36
24.2934586357982 1 1 1 1 54
4.4816395213329 1 1 0 0 54
26.4951634475002 1 1 1 1 50
7.80888179443423 1 1 0 0 50
26.1139431077687 1 1 1 1 37
4.27126055766887 1 1 0 0 37
9.6391568130322 1 0 1 0 19
3.62698084220099 1 0 0 0 19
25.2375044126357 1 1 1 1 33
5.19940050363253 1 1 0 0 33
7.46399685378662 1 0 1 0 58
1.05911976343409 1 0 0 0 58
10.0109482400237 1 0 1 0 21
1.38953901749098 1 0 0 0 21
25.321896135062 1 1 1 1 36
7.83132990677496 1 1 0 0 36
25.8178891164061 1 1 1 1 36
7.9299387557613 1 1 0 0 36
6.59360276561752 1 0 1 0 1
1.60306379859233 1 0 0 0 1
25.0920200756426 1 1 1 1 43
6.8182488232366 1 1 0 0 43
7.3464921386173 1 0 1 0 43
3.14011755635335 1 0 0 0 43
25.4347152146477 1 1 1 1 30
6.37307804227537 1 1 0 0 30
25.7191060885483 1 1 1 1 43
5.83544431622938 1 1 0 0 43
10.308919845099 1 0 1 0 19
2.91673533754512 1 0 0 0 19
24.7875718658565 1 1 1 1 7
7.47131529073291 1 1 0 0 7
9.41374046004093 1 0 1 0 17
2.94575729894328 1 0 0 0 17
8.15970592075617 1 0 1 0 5
4.23506813827171 1 0 0 0 5
24.9943587808007 1 1 1 1 37
7.19903074252911 1 1 0 0 37
24.8584138512649 1 1 1 1 1
5.60454359310291 1 1 0 0 1
26.1093632053191 1 1 1 1 26
3.75901365005701 1 1 0 0 26
9.67651189399049 1 0 1 0 33
2.55658690238326 1 0 0 0 33
21.1882286511216 1 1 1 1 19
6.5209642140825 1 1 0 0 19
5.93339421281135 1 0 1 0 7
2.93310429831481 1 0 0 0 7
24.3580690421049 1 1 1 1 16
5.01721091676031 1 1 0 0 16
24.9903178652011 1 1 1 1 1
7.94178882386047 1 1 0 0 1
8.10151748770985 1 0 1 0 1
2.78927724750746 1 0 0 0 1
25.4824700844325 1 1 1 1 30
4.33190875759629 1 1 0 0 30
6.53782305069613 1 0 1 0 37
-0.81794182187805 1 0 0 0 37
9.77961946644442 1 0 1 0 24
1.95086730539764 1 0 0 0 24
11.61710360139 1 0 1 0 30
2.81129911850145 1 0 0 0 30
10.2016514530617 1 0 1 0 54
3.88710336378873 1 0 0 0 54
24.2918762607187 1 1 1 1 41
6.72138740823915 1 1 0 0 41
26.2286592256778 1 1 1 1 36
7.93655572883237 1 1 0 0 36
10.0785515944941 1 0 1 0 47
2.59559204386448 1 0 0 0 47
23.7721457771706 1 1 1 1 33
7.03175415703618 1 1 0 0 33
9.70748278156635 1 0 1 0 19
2.89696531073089 1 0 0 0 19
9.59912456908045 1 0 1 0 19
1.71455789976824 1 0 0 0 19
24.8912952039506 1 1 1 1 37
6.97207965129128 1 1 0 0 37
25.2427236048232 1 1 1 1 51
4.82604919594458 1 1 0 0 51
8.58965303752458 1 0 1 0 15
0.13447451039435 1 0 0 0 15
7.63241036799817 1 0 1 0 19
1.79548906334506 1 0 0 0 19
22.45705655183 1 1 1 1 37
3.61204033178956 1 1 0 0 37
26.5592626584431 1 1 1 1 42
5.1845376970592 1 1 0 0 42
22.3813124427342 1 1 1 1 1
5.84038727610618 1 1 0 0 1
10.868274074539 1 0 1 0 33
2.93656900846483 1 0 0 0 33
9.62421010531533 1 0 1 0 19
3.67406952354986 1 0 0 0 19
7.90893219860473 1 0 1 0 15
3.03193635072711 1 0 0 0 15
8.16973555989138 1 0 1 0 29
2.00108072271805 1 0 0 0 29
12.1317268880157 1 0 1 0 42
3.370987270243 1 0 0 0 42
26.086126924746 1 1 1 1 30
4.43258763555011 1 1 0 0 30
7.88809449871859 1 0 1 0 37
5.23022850442585 1 0 0 0 37
23.4538392318361 1 1 1 1 1
6.30331964137746 1 1 0 0 1
26.2622860979205 1 1 1 1 1
7.44074134126214 1 1 0 0 1
10.5402369767854 1 0 1 0 43
1.76930077008811 1 0 0 0 43
23.838949478405 1 1 1 1 7
5.56547265397024 1 1 0 0 7
7.72424076173373 1 0 1 0 56
2.88680912105346 1 0 0 0 56
26.5844212758731 1 1 1 1 33
9.0083342560002 1 1 0 0 33
9.51776392572189 1 0 1 0 33
0.762872312261276 1 0 0 0 33
10.4488262455553 1 0 1 0 43
3.27952229814158 1 0 0 0 43
24.6630654630365 1 1 1 1 33
3.79686046673434 1 1 0 0 33
26.0766547792349 1 1 1 1 13
7.59685131819396 1 1 0 0 13
24.5826545034532 1 1 1 1 37
6.75836186644709 1 1 0 0 37
8.60983194887828 1 0 1 0 1
2.96493947348739 1 0 0 0 1
8.83412588050983 1 0 1 0 19
1.51255471862159 1 0 0 0 19
25.1578552223893 1 1 1 1 34
5.59920435990342 1 1 0 0 34
24.1641755104335 1 1 1 1 19
5.55319770698246 1 1 0 0 19
24.9884711156187 1 1 1 1 10
6.29344244213058 1 1 0 0 10
11.1671742690042 1 0 1 0 37
0.0795010497923372 1 0 0 0 37
24.7176960314 1 1 1 1 19
6.89310857225992 1 1 0 0 19
11.4918738588338 1 0 1 0 19
2.60247528937656 1 0 0 0 19
8.98054973189152 1 0 1 0 33
1.56504884724727 1 0 0 0 33
9.58592022468384 1 0 1 0 30
3.39873912471426 1 0 0 0 30
8.73998508367077 1 0 1 0 37
2.2315936025557 1 0 0 0 37
9.30679432006063 1 0 1 0 34
3.03135432103466 1 0 0 0 34
10.57172924457 1 0 1 0 36
2.39479301339918 1 0 0 0 36
8.89227840324291 1 0 1 0 30
3.97235151651111 1 0 0 0 30
25.2326863805909 1 1 1 1 38
8.23141966782696 1 1 0 0 38
24.9124281377762 1 1 1 1 3
6.868218182215 1 1 0 0 3
22.813500541388 1 1 1 1 37
5.84105376397493 1 1 0 0 37
24.9691778660016 1 1 1 1 39
4.92753762572604 1 1 0 0 39
23.5350262336842 1 1 1 1 49
7.34089974495899 1 1 0 0 49
10.2928156796824 1 0 1 0 37
0.163315599000272 1 0 0 0 37
9.6001622473797 1 0 1 0 2
0.426623319764803 1 0 0 0 2
23.5135579884868 1 1 1 1 19
6.74304541017793 1 1 0 0 19
8.02981555495496 1 0 1 0 38
3.40499286466341 1 0 0 0 38
25.0544805962838 1 1 1 1 19
6.75822915300861 1 1 0 0 19
24.2594800222288 1 1 1 1 39
4.37192717482951 1 1 0 0 39
10.2936550254373 1 0 1 0 15
2.33668393218238 1 0 0 0 15
8.66190713225301 1 0 1 0 9
2.09791353779631 1 0 0 0 9
26.8751175605675 1 1 1 1 17
5.01264327652391 1 1 0 0 17
7.94017641408325 1 0 1 0 37
1.12373198901074 1 0 0 0 37
22.7584838522547 1 1 1 1 33
7.15912922816039 1 1 0 0 33
9.27205176341463 1 0 1 0 7
2.2929854156826 1 0 0 0 7
24.9386975835885 1 1 1 1 34
5.27852418475178 1 1 0 0 34
23.8355102288872 1 1 1 1 19
7.20470687873086 1 1 0 0 19
6.98307029310768 1 0 1 0 43
2.62267673522601 1 0 0 0 43
23.8790778538036 1 1 1 1 19
6.39924693420666 1 1 0 0 19
7.95250541799748 1 0 1 0 19
1.25988309459309 1 0 0 0 19
27.5022612766603 1 1 1 1 43
6.94509434319398 1 1 0 0 43
5.96665753837567 1 0 1 0 39
2.17877415330142 1 0 0 0 39
24.3610400178894 1 1 1 1 37
4.39256782989639 1 1 0 0 37
9.29668205144231 1 0 1 0 19
2.1837989953954 1 0 0 0 19
24.5354215497455 1 1 1 1 37
8.78982413947041 1 1 0 0 37
5.81987200993436 1 0 1 0 36
3.18542122573331 1 0 0 0 36
24.5912593710704 1 1 1 1 34
6.92845016912118 1 1 0 0 34
8.35795029447057 1 0 1 0 39
1.16014868157738 1 0 0 0 39
6.58115787897755 1 0 1 0 19
1.70379519211897 1 0 0 0 19
28.5054759299546 1 1 1 1 23
7.39965028544715 1 1 0 0 23
11.369616867505 1 0 1 0 1
3.29395636226073 1 0 0 0 1
10.6182318405174 1 0 1 0 15
3.27686007053143 1 0 0 0 15
25.6723064244517 1 1 1 1 19
5.17617990734086 1 1 0 0 19
24.2463164666174 1 1 1 1 36
3.73607036593677 1 1 0 0 36
24.9917725101289 1 1 1 1 21
7.27188099419378 1 1 0 0 21
10.4593588747579 1 0 1 0 19
2.13453796086608 1 0 0 0 19
8.22553759659471 1 0 1 0 44
6.65349439556631 1 0 0 0 44
26.0418306694984 1 1 1 1 40
8.00899686253237 1 1 0 0 40
8.52244745821744 1 0 1 0 7
1.94631980902389 1 0 0 0 7
25.6344262417537 1 1 1 1 28
8.37096059117837 1 1 0 0 28
8.55950847348195 1 0 1 0 19
3.20719485301877 1 0 0 0 19
6.0374847334867 1 0 1 0 38
1.28263389974787 1 0 0 0 38
23.1728232409322 1 1 1 1 1
7.57453265472697 1 1 0 0 1
8.76742821217992 1 0 1 0 27
1.44792767882712 1 0 0 0 27
10.9361995707369 1 0 1 0 34
3.57864821543202 1 0 0 0 34
7.73000623475766 1 0 1 0 37
2.6050945896625 1 0 0 0 37
7.26271703058641 1 0 1 0 19
1.32737878229214 1 0 0 0 19
27.2861860190823 1 1 1 1 45
8.05079061594782 1 1 0 0 45
26.5683893649073 1 1 1 1 19
5.19261998114015 1 1 0 0 19
22.3392540980608 1 1 1 1 37
4.33731168289562 1 1 0 0 37
26.3471183560552 1 1 1 1 39
5.58907495459525 1 1 0 0 39
5.94161023043923 1 0 1 0 43
1.74517641110144 1 0 0 0 43
26.9943794327048 1 1 1 1 19
6.9100020783845 1 1 0 0 19
7.83856502952592 1 0 1 0 24
-0.186256295648767 1 0 0 0 24
7.8310857035626 1 0 1 0 37
2.04882950106006 1 0 0 0 37
10.2559258722167 1 0 1 0 34
-0.743489677096541 1 0 0 0 34
10.4470257993526 1 0 1 0 14
2.0077183909605 1 0 0 0 14
25.8057891463715 1 1 1 1 37
3.66194356040448 1 1 0 0 37
8.05720833421578 1 0 1 0 33
1.36610113042139 1 0 0 0 33
10.4762853024226 1 0 1 0 37
3.45405768230663 1 0 0 0 37
9.61531082832814 1 0 1 0 43
4.26869862417663 1 0 0 0 43
8.27109849112112 1 0 1 0 15
3.43194383184228 1 0 0 0 15
24.9491731224379 1 1 1 1 43
5.05623575684483 1 1 0 0 43
10.3058565734321 1 0 1 0 33
3.95317081888533 1 0 0 0 33
10.2420336497284 1 0 1 0 19
1.27959472462212 1 0 0 0 19
8.33561995634269 1 0 1 0 19
3.94832786710689 1 0 0 0 19
25.4989718891193 1 1 1 1 19
7.17319477254775 1 1 0 0 19
24.5210030610993 1 1 1 1 19
7.7833727097746 1 1 0 0 19
23.8562475053554 1 1 1 1 28
6.88438060206023 1 1 0 0 28
23.8443400808618 1 1 1 1 41
2.51739301318326 1 1 0 0 41
7.100771274706 1 0 1 0 44
2.19275051920935 1 0 0 0 44
10.2486413270486 1 0 1 0 50
-0.476715157724941 1 0 0 0 50
7.23021854376846 1 0 1 0 34
4.4954448797882 1 0 0 0 34
8.38637365477507 1 0 1 0 19
2.71516798507012 1 0 0 0 19
24.2548009220148 1 1 1 1 49
5.57774003432625 1 1 0 0 49
9.12338194021961 1 0 1 0 43
2.01550238675496 1 0 0 0 43
8.72767873797089 1 0 1 0 1
1.33560743915451 1 0 0 0 1
20.6896737934201 1 1 1 1 44
8.642677951975 1 1 0 0 44
11.5320421976984 1 0 1 0 1
0.442835267579273 1 0 0 0 1
24.7622600622951 1 1 1 1 19
7.9449329879212 1 1 0 0 19
10.4117952897822 1 0 1 0 22
3.80538732297772 1 0 0 0 22
23.4843209729068 1 1 1 1 30
9.64480749551465 1 1 0 0 30
23.3970455524859 1 1 1 1 27
7.06619871558606 1 1 0 0 27
25.1997944075838 1 1 1 1 33
5.42906739306814 1 1 0 0 33
8.46342503243379 1 0 1 0 38
0.597953182025199 1 0 0 0 38
27.2947874902768 1 1 1 1 50
6.12659082071387 1 1 0 0 50
9.36658953938951 1 0 1 0 1
2.29646559563361 1 0 0 0 1
8.4694284328156 1 0 1 0 19
0.396251775648192 1 0 0 0 19
9.35882318828593 1 0 1 0 19
-0.960853304851262 1 0 0 0 19
22.9938433903077 1 1 1 1 51
4.47774519552457 1 1 0 0 51
7.47451772296357 1 0 1 0 19
2.15158787812389 1 0 0 0 19
27.2606027701254 1 1 1 1 30
3.85700804407192 1 1 0 0 30
25.6133105100037 1 1 1 1 19
7.27214839010817 1 1 0 0 19
23.6005901391182 1 1 1 1 37
5.92533037028173 1 1 0 0 37
10.1647617086065 1 0 1 0 33
1.63865556186771 1 0 0 0 33
8.68790520311388 1 0 1 0 48
2.43519140163561 1 0 0 0 48
8.91512844321396 1 0 1 0 33
1.21418814707615 1 0 0 0 33
8.8039687595298 1 0 1 0 19
4.66273757016869 1 0 0 0 19
26.2355540957194 1 1 1 1 19
4.70656441550044 1 1 0 0 19
7.23942061446178 1 0 1 0 56
1.4909082330132 1 0 0 0 56
10.8791712034189 1 0 1 0 33
2.41391077868866 1 0 0 0 33
8.00792177998419 1 0 1 0 43
3.24766809100261 1 0 0 0 43
8.81138578744912 1 0 1 0 36
0.41512126724215 1 0 0 0 36
25.6522246236104 1 1 1 1 19
8.15546343314832 1 1 0 0 19
9.6144309596406 1 0 1 0 37
2.27152952884534 1 0 0 0 37
8.07193206757845 1 0 1 0 19
2.80383691118863 1 0 0 0 19
7.485984630081 1 0 1 0 36
-0.337905771044728 1 0 0 0 36
24.9386899268297 1 1 1 1 19
5.95107739492897 1 1 0 0 19
12.3446936091239 1 0 1 0 37
0.279825140623274 1 0 0 0 37
25.2416980403755 1 1 1 1 7
7.13851700343092 1 1 0 0 7
26.4857626486808 1 1 1 1 30
5.98483328834532 1 1 0 0 30
7.94887708447366 1 0 1 0 30
1.90696730165761 1 0 0 0 30
27.743229231492 1 1 1 1 54
6.6826960524488 1 1 0 0 54
6.10867279602753 1 0 1 0 19
4.01307520522097 1 0 0 0 19
25.7643861935649 1 1 1 1 7
5.95252234495448 1 1 0 0 7
8.974737024753 1 0 1 0 12
1.7881653467641 1 0 0 0 12
9.36282989752232 1 0 1 0 15
1.28742454966772 1 0 0 0 15
25.3917530690275 1 1 1 1 41
4.68286367830062 1 1 0 0 41
9.28305042548016 1 0 1 0 7
3.56530449164854 1 0 0 0 7
25.7201261919725 1 1 1 1 43
7.46194281253596 1 1 0 0 43
7.45727860228959 1 0 1 0 36
2.07748869892133 1 0 0 0 36
25.8729237494884 1 1 1 1 41
4.48961303137111 1 1 0 0 41
27.2143958716263 1 1 1 1 19
4.53656047641232 1 1 0 0 19
9.23266458883306 1 0 1 0 48
2.21472334079487 1 0 0 0 48
25.1720677911796 1 1 1 1 13
5.7024146999547 1 1 0 0 13
9.63630670659274 1 0 1 0 19
0.541713190521046 1 0 0 0 19
23.1765636781765 1 1 1 1 7
5.07430015447616 1 1 0 0 7
8.91893147488759 1 0 1 0 35
3.77730981203176 1 0 0 0 35
27.2449991742418 1 1 1 1 30
6.45181501725757 1 1 0 0 30
25.5396520481006 1 1 1 1 33
5.65543410115428 1 1 0 0 33
25.0679573231817 1 1 1 1 7
4.01367219425485 1 1 0 0 7
25.4100282115938 1 1 1 1 41
5.24261286054269 1 1 0 0 41
9.47330725995718 1 0 1 0 19
1.5107084978397 1 0 0 0 19
8.06433405471486 1 0 1 0 27
1.6901297192563 1 0 0 0 27
8.48111809928052 1 0 1 0 7
3.54796734660872 1 0 0 0 7
9.29586490754065 1 0 1 0 19
2.61163524047596 1 0 0 0 19
7.24516803004126 1 0 1 0 34
4.11682556221043 1 0 0 0 34
9.22538383933093 1 0 1 0 11
0.789035226099252 1 0 0 0 11
25.4370579573968 1 1 1 1 19
7.23097961015769 1 1 0 0 19
23.0431850250683 1 1 1 1 56
8.39017219887852 1 1 0 0 56
24.7765108334654 1 1 1 1 19
7.58557492372974 1 1 0 0 19
25.1021929374905 1 1 1 1 57
5.5298831047711 1 1 0 0 57
6.40503118419002 1 0 1 0 19
0.444121527527896 1 0 0 0 19
24.9415359871842 1 1 1 1 10
7.17076029694975 1 1 0 0 10
6.33890452726665 1 0 1 0 34
3.94516747529448 1 0 0 0 34
26.9784712882479 1 1 1 1 56
4.38310664480912 1 1 0 0 56
9.66793386056993 1 0 1 0 50
0.538213405873817 1 0 0 0 50
24.8229404921302 1 1 1 1 9
7.31332744014752 1 1 0 0 9
26.2280177065219 1 1 1 1 36
4.79908575871874 1 1 0 0 36
8.45321348237281 1 0 1 0 37
0.619496238801257 1 0 0 0 37
25.4801872488553 1 1 1 1 19
3.79513475769869 1 1 0 0 19
21.2815723006654 1 1 1 1 34
8.07862846316714 1 1 0 0 34
12.215176227245 1 0 1 0 19
1.35648539605961 1 0 0 0 19
10.0763614596055 1 0 1 0 21
1.98938946152216 1 0 0 0 21
11.0849945707522 1 0 1 0 34
2.78367786494638 1 0 0 0 34
9.28802434163394 1 0 1 0 21
-0.544363170647104 1 0 0 0 21
10.5315306112332 1 0 1 0 1
1.50381805919311 1 0 0 0 1
7.01516528753985 1 0 1 0 19
1.71461641963791 1 0 0 0 19
24.820708607009 1 1 1 1 33
7.49794472468327 1 1 0 0 33
23.3490526985117 1 1 1 1 13
5.21137281927533 1 1 0 0 13
11.1045193851571 1 0 1 0 19
3.92144355692665 1 0 0 0 19
10.6450337839364 1 0 1 0 30
4.34974969771863 1 0 0 0 30
25.2885433788197 1 1 1 1 19
5.1770921983051 1 1 0 0 19
9.78517711417188 1 0 1 0 1
3.49726060334106 1 0 0 0 1
28.4133929071093 1 1 1 1 15
3.22109533525632 1 1 0 0 15
9.38641363700164 1 0 1 0 1
2.92601937966269 1 0 0 0 1
8.92278584110201 1 0 1 0 10
-0.203093351574195 1 0 0 0 10
10.0486406181001 1 0 1 0 37
0.898206378453069 1 0 0 0 37
9.71539619232849 1 0 1 0 23
3.28347193120528 1 0 0 0 23
26.8157894177172 1 1 1 1 37
3.79684788940728 1 1 0 0 37
26.5298139926814 1 1 1 1 1
4.92946669854335 1 1 0 0 1
23.1770511779198 1 1 1 1 49
7.8587301110505 1 1 0 0 49
26.6210564001967 1 1 1 1 15
5.6569354528068 1 1 0 0 15
26.0741527679367 1 1 1 1 30
4.78331566842082 1 1 0 0 30
24.786409092558 1 1 1 1 19
5.86745533170591 1 1 0 0 19
8.60297360741908 1 0 1 0 37
3.03817238927535 1 0 0 0 37
11.174109450508 1 0 1 0 19
1.35544238168088 1 0 0 0 19
24.9538139737524 1 1 1 1 30
8.31472444150368 1 1 0 0 30
8.5346643826914 1 0 1 0 28
-1.68266609780979 1 0 0 0 28
25.7268828416345 1 1 1 1 37
4.74634491607656 1 1 0 0 37
7.58785344367884 1 0 1 0 1
4.00933840741942 1 0 0 0 1
12.4619919821832 1 0 1 0 1
0.529525428028345 1 0 0 0 1
26.4580897950613 1 1 1 1 38
5.86685485010956 1 1 0 0 38
9.20054603207523 1 0 1 0 19
3.7285037196298 1 0 0 0 19
25.3021814019129 1 1 1 1 19
4.79598757003555 1 1 0 0 19
24.334741389478 1 1 1 1 43
6.97034178366599 1 1 0 0 43
5.69647160229448 1 0 1 0 19
3.54890945892305 1 0 0 0 19
22.7837150759571 1 1 1 1 30
6.03101520647501 1 1 0 0 30
24.73079175217 1 1 1 1 19
7.82867640422644 1 1 0 0 19
25.267073262598 1 1 1 1 33
6.14416370711953 1 1 0 0 33
25.9873131292661 1 1 1 1 13
4.83042479835552 1 1 0 0 13
24.7229571808976 1 1 1 1 12
7.66535584884612 1 1 0 0 12
25.966577664314 1 1 1 1 19
4.19617525854836 1 1 0 0 19
9.90220654699474 1 0 1 0 40
0.0517940695009573 1 0 0 0 40
24.1538607468653 1 1 1 1 19
7.71250002980461 1 1 0 0 19
5.81654138336995 1 0 1 0 37
-0.515905996397866 1 0 0 0 37
10.8404188836129 1 0 1 0 43
0.847708994269003 1 0 0 0 43
10.7588673332929 1 0 1 0 18
1.76205828421872 1 0 0 0 18
25.6049661659942 1 1 1 1 46
7.1501500357054 1 1 0 0 46
8.07904734237269 1 0 1 0 30
1.56924338551033 1 0 0 0 30
24.4129639529845 1 1 1 1 19
9.98254457593647 1 1 0 0 19
9.17839889597141 1 0 1 0 15
2.66864077065943 1 0 0 0 15
8.51810172097465 1 0 1 0 19
1.65805639390294 1 0 0 0 19
10.9498535518832 1 0 1 0 33
1.52074611847346 1 0 0 0 33
25.0284770324603 1 1 1 1 33
6.53310500502981 1 1 0 0 33
24.3894504245689 1 1 1 1 19
8.77053509922456 1 1 0 0 19
6.97985304309461 1 0 1 0 19
4.84439781000348 1 0 0 0 19
24.5027739823267 1 1 1 1 27
7.91925701033753 1 1 0 0 27
22.1727361917633 1 1 1 1 56
7.35210218154621 1 1 0 0 56
10.2394609814181 1 0 1 0 1
0.202227718100873 1 0 0 0 1
7.91342595074487 1 0 1 0 19
2.27368546112014 1 0 0 0 19
10.6176275765276 1 0 1 0 30
0.916713395474297 1 0 0 0 30
8.68303797245841 1 0 1 0 36
4.22222014663834 1 0 0 0 36
7.40569024248393 1 0 1 0 43
3.34038310186536 1 0 0 0 43
9.63465405957761 1 0 1 0 43
0.436142096246434 1 0 0 0 43
8.05549223972498 1 0 1 0 36
3.1077216781712 1 0 0 0 36
25.3520818062222 1 1 1 1 33
8.01539331170904 1 1 0 0 33
24.1489489591915 1 1 1 1 37
3.57534824725834 1 1 0 0 37
26.4818510504453 1 1 1 1 15
5.13927905285699 1 1 0 0 15
25.1701872051356 1 1 1 1 43
8.43109224743566 1 1 0 0 43
8.6458610510127 1 0 1 0 19
4.19140215965229 1 0 0 0 19
7.44841022724827 1 0 1 0 7
3.30887054224427 1 0 0 0 7
9.34902679261096 1 0 1 0 19
0.958047696678676 1 0 0 0 19
23.1897939986635 1 1 1 1 30
6.10839050852531 1 1 0 0 30
9.36085746770227 1 0 1 0 12
2.39236905148769 1 0 0 0 12
9.75922906768153 1 0 1 0 36
1.34877506731868 1 0 0 0 36
